*Solutions
 0.0000000000
 0.0868724384
 0.0000000000
 0.1196799079
 0.0000000000
 0.0230425475
-0.0000000000
 0.1172797447
-0.0000000000
 0.1247490767
-0.0000000000
 0.1183584527
-0.0000000000
 0.1223516442
 0.0000000000
 0.0068930113
 0.0000000000
 0.0068472111
 0.0000000000
 0.0072274731
 0.0000000000
 0.1265927952
*Singular values
48.1293235063
48.1293235063
40.6857559837
40.6857559837
37.6860802975
37.6860802975
36.8540386828
36.8540386828
28.8444964110
28.8444964110
27.1020085105
27.1020085105
20.2001261763
20.2001261763
14.7097475874
14.7097475874
13.7223071646
13.7223071646
12.4771088810
12.4771088810
12.3721848108
12.3721848108
