18 8 0.0001
0.000000000E+00
-1.599103176E-02
0.000000000E+00
0.000000000E+00
0.000000000E+00
0.000000000E+00
0.000000000E+00
1.760860199E-03
0.000000000E+00
0.000000000E+00
0.000000000E+00
0.000000000E+00
0.000000000E+00
-9.699885468E-03
0.000000000E+00
0.000000000E+00
0.000000000E+00
0.000000000E+00
1.599103176E-02
0.000000000E+00
0.000000000E+00
0.000000000E+00
0.000000000E+00
0.000000000E+00
-1.760860199E-03
0.000000000E+00
0.000000000E+00
0.000000000E+00
0.000000000E+00
0.000000000E+00
9.699885468E-03
0.000000000E+00
0.000000000E+00
0.000000000E+00
0.000000000E+00
0.000000000E+00
0.000000000E+00
0.000000000E+00
0.000000000E+00
1.779194922E-03
0.000000000E+00
0.000000000E+00
0.000000000E+00
0.000000000E+00
0.000000000E+00
-3.223403028E-01
0.000000000E+00
0.000000000E+00
0.000000000E+00
0.000000000E+00
0.000000000E+00
2.128752176E-03
0.000000000E+00
0.000000000E+00
0.000000000E+00
0.000000000E+00
-1.779194922E-03
0.000000000E+00
0.000000000E+00
0.000000000E+00
0.000000000E+00
0.000000000E+00
3.223403028E-01
0.000000000E+00
0.000000000E+00
0.000000000E+00
0.000000000E+00
0.000000000E+00
-2.128752176E-03
0.000000000E+00
0.000000000E+00
0.000000000E+00
0.000000000E+00
0.000000000E+00
0.000000000E+00
0.000000000E+00
0.000000000E+00
-9.733273305E-03
0.000000000E+00
0.000000000E+00
0.000000000E+00
0.000000000E+00
0.000000000E+00
2.108153428E-03
0.000000000E+00
0.000000000E+00
0.000000000E+00
0.000000000E+00
0.000000000E+00
-7.220645719E-01
0.000000000E+00
0.000000000E+00
0.000000000E+00
0.000000000E+00
9.733273305E-03
0.000000000E+00
0.000000000E+00
0.000000000E+00
0.000000000E+00
0.000000000E+00
-2.108153428E-03
0.000000000E+00
0.000000000E+00
0.000000000E+00
0.000000000E+00
0.000000000E+00
7.220645719E-01
0.000000000E+00
-1.779194922E-03
0.000000000E+00
1.599103176E-02
0.000000000E+00
0.000000000E+00
0.000000000E+00
3.223403028E-01
0.000000000E+00
-1.760860199E-03
0.000000000E+00
0.000000000E+00
0.000000000E+00
-2.128752176E-03
0.000000000E+00
9.699885468E-03
0.000000000E+00
0.000000000E+00
0.000000000E+00
9.733273305E-03
0.000000000E+00
0.000000000E+00
0.000000000E+00
1.599103176E-02
0.000000000E+00
-2.108153428E-03
0.000000000E+00
0.000000000E+00
0.000000000E+00
-1.760860199E-03
0.000000000E+00
7.220645719E-01
0.000000000E+00
0.000000000E+00
0.000000000E+00
9.699885468E-03
0.000000000E+00
