(Symbol root);
($Id:$);
(PHYSICAL);
(RESOLUTION 1000);
9 root;
DS 0 1 1;
DF;
E
(ELECTRICAL);
(RESOLUTION 1000);
5 7102 (||2:129000 -15000||) (||1:73000 -4000||) (||1:106000 -14000||) (||1:156000 -4000||);
5 7101 tran 1p 20n;
5 14 1 L 1 L 0 0.1 K1;
5 11 X 0 subckt;
9 root;
DS 0 1 1;
(SymbolCall JTL);
5 10 4 1 35000 -4000 X0_1;
5 10 5 0 16000 -4000 X0_0;
5 11 X.X0 0 subckt;
1 Bound 16000 -7000 35000 -1000;
9 JTL;
C 0 T 28000 -6000;
(SymbolCall JTL);
5 10 6 1 54000 -4000 X1_1;
5 10 4 0 35000 -4000 X1_0;
5 11 X.X1 1 subckt;
1 Bound 35000 -7000 54000 -1000;
9 JTL;
C 0 T 47000 -6000;
(SymbolCall JTL);
5 10 7 1 73000 -4000 X2_1;
5 10 6 0 54000 -4000 X2_0;
5 11 X.X2 2 subckt;
1 Bound 54000 -7000 73000 -1000;
9 JTL;
C 0 T 66000 -6000;
(SymbolCall JTL);
5 10 8 1 137000 -4000 X4_1;
5 10 9 0 118000 -4000 X4_0;
5 11 X.X4 3 subckt;
1 Bound 118000 -7000 137000 -1000;
9 JTL;
C 0 T 130000 -6000;
(SymbolCall JTL);
5 10 10 1 156000 -4000 X5_1;
5 10 8 0 137000 -4000 X5_0;
5 11 X.X5 4 subckt;
1 Bound 137000 -7000 156000 -1000;
9 JTL;
C 0 T 149000 -6000;
(SymbolCall gnd);
5 10 0 0 106000 6000;
1 Bound 105000 6000 107000 8600;
( Rotate 180 );
9 gnd;
C 0 R -1 0 T 107000 7000;
(SymbolCall gnd);
5 10 0 0 96000 -14000;
1 Bound 93400 -15000 96000 -13000;
( Rotate 90 );
9 gnd;
C 0 MY R 0 1 T 95000 -15000;
(SymbolCall gnd);
5 10 0 0 16000 -14000;
1 Bound 15000 -16600 17000 -14000;
9 gnd;
C 0 T 15000 -15000;
(SymbolCall gnd);
5 10 0 0 83000 -14000;
1 Bound 82000 -16600 84000 -14000;
9 gnd;
C 0 T 82000 -15000;
(SymbolCall gnd);
5 10 0 0 156000 -14000;
1 Bound 155000 -16600 157000 -14000;
9 gnd;
C 0 T 155000 -15000;
(SymbolCall gnd);
5 10 0 0 106000 -24000;
1 Bound 105000 -26600 107000 -24000;
9 gnd;
C 0 T 105000 -25000;
(SymbolCall gnd);
5 10 0 0 128000 -24000;
1 Bound 127000 -26600 129000 -24000;
9 gnd;
C 0 T 127000 -25000;
(SymbolCall gnd);
5 10 0 0 135000 -24000;
1 Bound 134000 -26600 136000 -24000;
9 gnd;
C 0 T 134000 -25000;
(SymbolCall gnd);
5 10 0 0 118000 -34000;
1 Bound 117000 -36600 119000 -34000;
9 gnd;
C 0 T 117000 -35000;
(SymbolCall ind);
5 2 70p;
5 10 12 1 118000 -24000 LC-;
5 10 2 0 118000 -14000 LC+;
5 15 119000 -15000 0 -1;
5 11 L.LC 0;
5 17 mutual;
1 Bound 118000 -24000 119500 -14000;
9 ind;
C 0 T 117000 -24000;
(SymbolCall ind);
5 10 0 1 128000 -24000 LJPM-;
5 10 3 0 128000 -14000 LJPM+;
5 15 129000 -15000 0 -1;
5 2 1.2n;
5 11 L.LJPM 1;
5 17 mutual;
1 Bound 128000 -24000 129500 -14000;
9 ind;
C 0 T 127000 -24000;
(SymbolCall ind3);
5 2 25p;
5 15 74000 -3000 1 0;
5 11 LQ 0;
5 10 7 0 73000 -4000 LQ0_0;
5 10 11 1 83000 -4000 LQ0_1;
1 Bound 73000 -4000 83000 -2500;
( Rotate 90 );
9 ind3;
C 0 R 0 1 T 83000 -5000;
(SymbolCall ind3);
5 2 25p;
5 10 9 1 118000 -4000 LQ1_1;
5 10 2 0 118000 -14000 LQ1_0;
5 11 LQ 1;
5 15 117000 -13000 0 1;
1 Bound 116500 -14000 118000 -4000;
( Rotate 180 );
9 ind3;
C 0 R -1 0 T 119000 -4000;
(SymbolCall isrc);
5 10 1 1 106000 -4000 IT_1;
5 10 0 0 106000 6000 IT_0;
5 15 106000 0 0 -1 @<name>[c];
5 2 $it;
5 5 nophys;
5 11 I.IT 0;
1 Bound 104000 -4000 108000 6000;
9 isrc;
C 0 T 104000 -4000;
(SymbolCall isrc);
5 10 2 1 106000 -14000 IBS_1;
5 10 0 0 96000 -14000 IBS_0;
5 15 102000 -14000 1 0 @<name>[c];
5 2 $ib;
5 11 I.IBS 1;
5 5 nophys;
1 Bound 96000 -16000 106000 -12000;
( Rotate 90 );
9 isrc;
C 0 R 0 1 T 106000 -16000;
(SymbolCall isrc);
5 10 0 1 135000 -24000 IRABI_1;
5 10 3 0 135000 -14000 IRABI_0;
5 15 135000 -20000 0 -1 @<name>[c];
5 3 -1u 1u 0 5p 5p 2n 4n;
5 2 pulse;
5 11 I.IRABI 2;
5 5 nophys;
1 Bound 133000 -24000 137000 -14000;
9 isrc;
C 0 T 133000 -24000;
(SymbolCall jj);
5 3 area=50;
5 1 jjs;
5 11 B 0;
5 10 13 2 85000 -5000 B0_2;
5 10 1 1 93000 -4000 B0-;
5 10 11 0 83000 -4000 B0+;
1 Bound 83000 -5500 93000 -2500;
( Rotate 90 );
9 jj;
C 0 R 0 1 T 93000 -5000;
(SymbolCall jj);
5 3 area=50;
5 1 jjs;
5 11 B 1;
5 10 14 2 82000 -6000 B1_2;
5 10 0 1 83000 -14000 B1-;
5 10 11 0 83000 -4000 B1+;
1 Bound 81500 -14000 84500 -4000;
9 jj;
C 0 T 82000 -14000;
(SymbolCall jj);
5 3 area=50;
5 1 jjs;
5 11 B 2;
5 10 15 2 105000 -6000 B2_2;
5 10 2 1 106000 -14000 B2-;
5 10 1 0 106000 -4000 B2+;
1 Bound 104500 -14000 107500 -4000;
9 jj;
C 0 T 105000 -14000;
(SymbolCall jj);
5 3 area=50;
5 1 jjs;
5 11 B 3;
5 10 16 2 105000 -16000 B3_2;
5 10 0 1 106000 -24000 B3-;
5 10 2 0 106000 -14000 B3+;
1 Bound 104500 -24000 107500 -14000;
9 jj;
C 0 T 105000 -24000;
(SymbolCall jj);
5 3 area=12.5;
5 10 17 2 117000 -26000 BQ_2;
5 10 0 1 118000 -34000 BQ-;
5 10 12 0 118000 -24000 BQ+;
5 1 jjs;
5 11 B.BQ 4;
1 Bound 116500 -34000 119500 -24000;
9 jj;
C 0 T 117000 -34000;
(SymbolCall res);
5 2 50;
5 15 155000 -5000 0 -1 "<v>/<value>O";
5 11 R 0;
5 10 0 1 156000 -14000 R0-;
5 10 10 0 156000 -4000 R0+;
1 Bound 154750 -14000 157000 -4000;
9 res;
C 0 T 156000 -4000;
(SymbolCall vsrc);
5 2 gpulse(0 0 0.1n 1p 0.5n);
5 5 nophys;
5 11 V.V0 0;
5 10 5 0 16000 -4000 V0_0;
5 10 0 1 16000 -14000 V0_1;
5 15 16000 -8000 0 -1;
1 Bound 14000 -14000 18000 -4000;
9 vsrc;
C 0 T 14000 -14000;
L SCED;
5 10 1;
W2 0 106000 -4000 93000 -4000;
5 10 2;
W2 0 106000 -14000 118000 -14000;
5 10 3;
W2 0 128000 -14000 135000 -14000;
L NAME;
5 16 I 0 11;
94 <<IT>> 103750 4750 320 975 1000;
5 16 X 1 11;
94 <<X1>> 30000 2250 0 1050 1000;
5 16 X 3 11;
94 <<X4>> 131000 250 0 1275 1000;
5 16 X 4 11;
94 <<X5>> 150000 250 0 1275 1000;
5 16 X 2 11;
94 <<X2>> 74000 -750 0 1275 1000;
5 16 LQ 0 11;
94 <<LQ0>> 73250 -2250 0 1875 1000;
5 16 B 0 11;
94 <<B0>> 83250 -2250 0 1275 1000;
5 16 V 0 11;
94 <<V0>> 13750 -5250 320 1275 1000;
5 16 B 1 11;
94 <<B1>> 81250 -5250 320 1050 1000;
5 16 B 2 11;
94 <<B2>> 104250 -5250 320 1275 1000;
5 16 LQ 1 11;
94 <<LQ1>> 116250 -5250 320 1650 1000;
5 16 R 0 11;
94 <<R0>> 154500 -5250 320 1275 1000;
5 16 I 1 11;
94 <<IBS>> 96250 -11750 0 1575 1000;
5 16 B 3 11;
94 <<B3>> 104250 -15250 320 1275 1000;
5 16 L 0 11;
94 <<LC>> 117750 -15250 320 1275 1000;
5 16 L 1 11;
94 <<LJPM>> 127750 -15250 320 2475 1000;
5 16 I 2 11;
94 <<IRABI>> 132750 -15250 320 2475 1000;
5 16 B 4 11;
94 <<BQ>> 116250 -25250 320 1275 1000;
L MODL;
5 16 B 1 1;
94 <<jjs>> 84750 -4250 256 1725 1000;
5 16 B 2 1;
94 <<jjs>> 107750 -4250 256 1725 1000;
5 16 B 0 1;
94 <<jjs>> 92750 -5750 320 1725 1000;
5 16 B 3 1;
94 <<jjs>> 107750 -14250 256 1725 1000;
5 16 B 4 1;
94 <<jjs>> 119750 -24250 256 1725 1000;
L VALU;
5 16 I 0 2;
94 <<$it>> 108250 5750 33024 1470 1029;
5 16 LQ 0 2;
94 <<25p>> 82750 -4250 33088 1838 1029;
5 16 LQ 1 2;
94 <<25p>> 118250 -4250 33024 1838 1029;
5 16 R 0 2;
94 <<50>> 157250 -4250 33024 1275 1000;
5 16 V 0 2;
94 <<gpulse(0 0 0.1n 1p 0.5n)>> 17250 -12250 33024 12130 1029;
5 16 L 0 2;
94 <<70p>> 119750 -14250 33024 1838 1029;
5 16 I 2 2;
94 <<pulse>> 137250 -14250 33024 2720 1029;
5 16 I 1 2;
94 <<$ib>> 105750 -16250 33088 1544 1029;
5 16 L 1 2;
94 <<1.2n>> 124750 -17250 33024 1838 1029;
5 16 K 1 14;
94 <<K1=0.1>> 122363 -19500 0 2720 1029;
L PARM;
5 16 B 0 3;
94 <<area=50>> 83250 -6750 33024 4116 1029;
5 16 B 1 3;
94 <<area=50>> 84750 -13750 32768 4116 1029;
5 16 B 2 3;
94 <<area=50>> 107750 -13750 32768 4116 1029;
5 16 B 3 3;
94 <<area=50>> 107750 -23750 32768 4116 1029;
5 16 I 2 3;
94 <<-1u 1u 0 5p 5p 2n 4n>> 137250 -23750 32768 11395 1029;
5 16 B 4 3;
94 <<area=12.5>> 119750 -33750 32768 4705 1029;
L SPTX;
94 <<.options ysep>> 17000 8000 0 12032 1792;
94 <<.temp -272>> 17000 6000 0 9600 1792;
94 <<.include root_models.inc>> 17000 4000 0 12450 1000;
94 <<.tran 1p 20n uic>> 17000 3000 0 8700 1000;
DF;
E
* Generated by Xic from cell root
.tran 1p 20n
.plot tran LJPM#branch v(7) v(2) v(10)
.options ysep
.temp -272
.include root_models.inc
.tran 1p 20n uic
B0 11 1 13 jjs area=50
B1 11 0 14 jjs area=50
B2 1 2 15 jjs area=50
B3 2 0 16 jjs area=50
BQ 12 0 17 jjs area=12.5
IBS 0 2 $ib
IRABI 3 0 pulse -1u 1u 0 5p 5p 2n 4n
IT 0 1 $it
K1 LJPM LC 0.1
LC 2 12 70p
LJPM 3 0 1.2n
LQ0 7 11 25p
LQ1 2 9 25p
R0 10 0 50
V0 5 0 gpulse(0 0 0.1n 1p 0.5n)
X0 5 4 JTL
X1 4 6 JTL
X2 6 7 JTL
X4 9 8 JTL
X5 8 10 JTL
.subckt JTL 4 5
B0 2 0 6 jjs area=100
B1 3 0 7 jjs area=100
I0 0 1 150u
LT0 4 2 5p
LT1 2 1 5p
LT2 1 3 5p
LT3 3 5 5p
.ends JTL
.save @I0.X0[c]
.save @I0.X1[c]
.save @I0.X2[c]
.save @I0.X4[c]
.save @I0.X5[c]
.save @IT[c]
.save @IBS[c]
.save @IRABI[c]
