(Symbol noname);
($Id:$);
(xic 4.3.1 LinuxRHEL7 x86_64 10/18/2017 20:07 GMT);
(PHYSICAL);
(RESOLUTION 1000);
( CREATED 10/18/2017 20:7:43, MODIFIED 10/18/2017 20:7:43 );
9 noname;
DS 0 1 1;
DF;
E
(ELECTRICAL);
(RESOLUTION 1000);
5 7101 tran 1p 250p;
5 11 X 0 subckt;
9 noname;
DS 0 1 1;
(SymbolCall gnd);
5 10 0 0 -2000 28000;
1 Bound -3000 28000 -1000 30600;
( Rotate 180 );
9 gnd;
C 0 R -1 0 T -1000 29000;
(SymbolCall gnd);
5 10 0 0 9000 0;
1 Bound 8000 -2600 10000 0;
9 gnd;
C 0 T 8000 -1000;
(SymbolCall gnd);
5 10 0 0 -47000 -10000;
1 Bound -48000 -12600 -46000 -10000;
9 gnd;
C 0 T -48000 -11000;
(SymbolCall gnd);
5 10 0 0 -31000 -16000;
1 Bound -32000 -18600 -30000 -16000;
9 gnd;
C 0 T -32000 -17000;
(SymbolCall gnd);
5 10 0 0 -12000 -18000;
1 Bound -13000 -20600 -11000 -18000;
9 gnd;
C 0 T -13000 -19000;
(SymbolCall ind);
5 11 L.L8 0;
5 10 5 0 -31000 -6000 L8+;
5 10 0 1 -31000 -16000 L8-;
5 15 -30000 -7000 0 -1;
1 Bound -31000 -16000 -29500 -6000;
9 ind;
C 0 T -32000 -16000;
(SymbolCall ind1);
5 11 LP.LPJ1 0;
5 10 3 1 -2000 14000 LPJ1_1;
5 10 8 0 -2000 18000 LPJ1_0;
5 15 -1000 18000 0 -1;
1 Bound -2000 14000 -750 18000;
9 ind1;
C 0 T -3000 9000;
(SymbolCall ind1);
5 11 LP.L4 1;
5 10 9 1 -22000 14000 L4_1;
5 10 1 0 -26000 14000 L4_0;
5 15 -26000 15000 1 0;
1 Bound -26000 14000 -22000 15250;
( Rotate 90 );
9 ind1;
C 0 R 0 1 T -17000 13000;
(SymbolCall ind1);
5 11 LP.L6 2;
5 10 3 1 -8000 14000 L6_1;
5 10 2 0 -12000 14000 L6_0;
5 15 -12000 15000 1 0;
1 Bound -12000 14000 -8000 15250;
( Rotate 90 );
9 ind1;
C 0 R 0 1 T -3000 13000;
(SymbolCall ind1);
5 11 LP.L13 3;
5 10 3 0 5000 14000 L13_0;
5 10 10 1 9000 14000 L13_1;
5 15 5000 15000 1 0;
1 Bound 5000 14000 9000 15250;
( Rotate 90 );
9 ind1;
C 0 R 0 1 T 14000 13000;
(SymbolCall ind1);
5 11 LP.L10 4;
5 10 4 1 -12000 3000 L10_1;
5 10 2 0 -12000 7000 L10_0;
5 15 -11000 7000 0 -1;
1 Bound -12000 3000 -10750 7000;
9 ind1;
C 0 T -13000 -2000;
(SymbolCall ind1);
5 11 LP.LPJ4 5;
5 10 0 1 9000 0 LPJ4_1;
5 10 11 0 9000 4000 LPJ4_0;
5 15 10000 4000 0 -1;
1 Bound 9000 0 10250 4000;
9 ind1;
C 0 T 8000 -5000;
(SymbolCall ind1);
5 11 LP.L5 6;
5 15 -30000 0 0 -1;
5 10 1 0 -31000 0 L5_0;
5 10 5 1 -31000 -4000 L5_1;
1 Bound -31000 -4000 -29750 0;
9 ind1;
C 0 T -32000 -9000;
(SymbolCall ind1);
5 11 LP.LPJ3 7;
5 10 6 0 -20000 -6000 LPJ3_0;
5 10 7 1 -16000 -6000 LPJ3_1;
5 15 -20000 -5000 1 0;
1 Bound -20000 -6000 -16000 -4750;
( Rotate 90 );
9 ind1;
C 0 R 0 1 T -11000 -7000;
(SymbolCall ind1);
5 11 LP.LPJ2 8;
5 15 -11000 -14000 0 -1;
5 10 13 0 -12000 -14000 LPJ2_0;
5 10 0 1 -12000 -18000 LPJ2_1;
1 Bound -12000 -18000 -10750 -14000;
9 ind1;
C 0 T -13000 -23000;
(SymbolCall ind2);
5 11 LT.L15 0;
5 10 10 0 9000 14000 L15_0;
5 10 15 1 17000 14000 L15_1;
5 15 10000 15000 1 0;
1 Bound 9000 14000 17000 15250;
( Rotate 90 );
9 ind2;
C 0 R 0 1 T 19000 13000;
(SymbolCall ind2);
5 11 LT.L2 1;
5 10 1 1 -31000 0 L2_1;
5 10 12 0 -39000 0 L2_0;
5 15 -38000 1000 1 0;
1 Bound -39000 0 -31000 1250;
( Rotate 90 );
9 ind2;
C 0 R 0 1 T -29000 -1000;
(SymbolCall isrc);
5 15 -2000 22000 0 -1 @<name>[c];
5 11 I 0;
5 10 8 1 -2000 18000 I0_1;
5 10 0 0 -2000 28000 I0_0;
5 5 nophys;
1 Bound -4000 18000 0 28000;
9 isrc;
C 0 T -4000 18000;
(SymbolCall isrc);
5 15 -47000 -6000 0 -1 @<name>[c];
5 11 I 1;
5 10 0 1 -47000 -10000 I1_1;
5 10 17 0 -47000 0 I1_0;
5 5 nophys;
1 Bound -49000 -10000 -45000 0;
9 isrc;
C 0 T -49000 -10000;
(SymbolCall jj);
5 11 B.B1 0;
5 3 area=1;
5 1 jj3;
5 10 14 2 -20000 13000 B1_2;
5 10 2 1 -12000 14000 B1-;
5 10 9 0 -22000 14000 B1+;
1 Bound -22000 12500 -12000 15500;
( Rotate 90 );
9 jj;
C 0 R 0 1 T -12000 13000;
(SymbolCall jj);
5 11 B.B4 1;
5 10 10 0 9000 14000 B4+;
5 10 11 1 9000 4000 B4-;
5 10 16 2 8000 12000 B4_2;
5 1 jj3;
5 3 area=1;
1 Bound 7500 4000 10500 14000;
9 jj;
C 0 T 8000 4000;
(SymbolCall jj);
5 11 B 2;
5 3 area=1;
5 1 jj3;
5 10 7 2 -13000 -6000 B2_2;
5 10 13 1 -12000 -14000 B2-;
5 10 4 0 -12000 -4000 B2+;
1 Bound -13500 -14000 -10500 -4000;
9 jj;
C 0 T -13000 -14000;
(SymbolCall jj);
5 11 B 3;
5 10 5 0 -31000 -6000 B3+;
5 10 6 1 -21000 -6000 B3-;
5 10 19 2 -29000 -7000 B3_2;
5 1 jj3;
5 3 area=1;
1 Bound -31000 -7500 -21000 -4500;
( Rotate 90 );
9 jj;
C 0 R 0 1 T -21000 -7000;
(SymbolCall res);
5 11 R 0;
5 10 18 1 -39000 -10000 R0-;
5 10 12 0 -39000 0 R0+;
5 15 -40000 -1000 0 -1 "<v>/<value>O";
1 Bound -40250 -10000 -38000 0;
9 res;
C 0 T -39000 0;
L SCED;
5 10 1;
W2 0 -26000 14000 -31000 14000 -31000 0;
5 10 2;
W2 0 -12000 7000 -12000 14000;
5 10 3;
W2 0 -8000 14000 -2000 14000 5000 14000;
5 10 4;
W2 0 -12000 3000 -12000 -4000;
5 10 5;
W2 0 -31000 -4000 -31000 -6000;
5 10 6;
W2 0 -21000 -6000 -20000 -6000;
5 10 7;
W2 0 -16000 -6000 -13000 -6000 -12000 -6000;
L NAME;
5 16 I 0 11;
94 <<I0>> -4250 26750 320 975 1000;
5 16 B 0 11;
94 <<B1>> -21750 15750 0 1029 1029;
5 16 LP 0 11;
94 <<LPJ1>> -2250 16750 320 2206 1029;
5 16 LP 1 11;
94 <<L4>> -25750 15500 0 1250 1029;
5 16 LP 2 11;
94 <<L6>> -11750 15500 0 1250 1029;
5 16 LP 3 11;
94 <<L13>> 5250 15500 0 1617 1029;
5 16 LT 0 11;
94 <<L15>> 9250 15500 0 1617 1029;
5 16 B 1 11;
94 <<B4>> 7250 12750 320 1250 1029;
5 16 LP 4 11;
94 <<L10>> -12250 5750 320 1617 1029;
5 16 LP 5 11;
94 <<LPJ4>> 8750 2750 320 2426 1029;
5 16 LT 1 11;
94 <<L2>> -38750 1500 0 1250 1029;
5 16 I 1 11;
94 <<I1>> -49250 -1250 320 750 1000;
5 16 R 0 11;
94 <<R0>> -40500 -1250 320 1275 1000;
5 16 LP 6 11;
94 <<L5>> -31250 -1250 320 1250 1029;
5 16 LP 7 11;
94 <<LPJ3>> -19750 -4500 0 2426 1029;
5 16 B 3 11;
94 <<B3>> -25250 -3750 2 1275 1000;
5 16 L 0 11;
94 <<L8>> -31250 -7250 320 1250 1029;
5 16 B 2 11;
94 <<B2>> -10250 -9750 322 1275 1000;
5 16 LP 8 11;
94 <<LPJ2>> -12250 -15250 320 2426 1029;
L MODL;
5 16 B 1 1;
94 <<jj3>> 10750 13750 256 1725 1000;
5 16 B 0 1;
94 <<jj3>> -12250 12250 320 1725 1000;
5 16 B 2 1;
94 <<jj3>> -10250 -4250 256 1725 1000;
5 16 B 3 1;
94 <<jj3>> -21250 -7750 320 1725 1000;
L PARM;
5 16 B 0 3;
94 <<area=1>> -21750 11250 33024 3375 1000;
5 16 B 1 3;
94 <<area=1>> 10750 4250 32768 3375 1000;
5 16 B 3 3;
94 <<area=1>> -30750 -8750 33024 3375 1000;
5 16 B 2 3;
94 <<area=1>> -10250 -13750 32768 3375 1000;
L SPTX;
94 <<.model jj1 jj(rtype=1,cct=1,icon=10m,vg=2.8m,delv=0.08m,
+ icrit=1.00E-5,r0=30,rn=30,cap=50f)>> -33000 27000 320 48896 3584;
W2 0 -47000 0 -39000 0;
W2 0 -47000 -10000 -39000 -10000;
DF;
E
* Generated by Xic from cell noname
.tran 1p 250p
.model jj1 jj(rtype=1,cct=1,icon=10m,vg=2.8m,delv=0.08m,
+ icrit=1.00E-5,r0=30,rn=30,cap=50f)
B1 9 2 14 jj3 area=1
B2 4 13 7 jj3 area=1
B3 5 6 19 jj3 area=1
B4 10 11 16 jj3 area=1
I0 0 8
L2 12 1
L4 1 9
L5 1 5
L6 2 3
L8 5 0
L10 2 4
L13 3 10
LPJ1 8 3
LPJ2 13 0
LPJ3 6 7
LPJ4 11 0
.model jj3 jj(rtype=1, cct=1, icon=10m, vg=2.8m, delv=0.08m,
+ icrit=1m, r0=30, rn=1.7, cap=1.31p)

.save @I0[c]
.save @I1[c]
