(Symbol underdamped_JTL);
($Id:$);
(xic 4.3.1 LinuxRHEL7 x86_64 10/18/2017 19:09 GMT);
(PHYSICAL);
(RESOLUTION 1000);
( CREATED 10/18/2017 19:9:3, MODIFIED 10/18/2017 19:9:3 );
9 underdamped_JTL;
DS 0 1 1;
DF;
E
(ELECTRICAL);
(RESOLUTION 1000);
5 7103 (||1:-45000 7000||) (||1:-30578 7000||) (||1:-13653 7000||) (||1:2731 7000||) (||1:20783 7000||);
5 7102 (||1:-45000 7000||) (||1:-30578 7000||) (||1:-42000 27000||);
5 7101 tran 1p 250p;
5 19 1 VIN -45000 7000 J1 -32000 5000 J2 -15000 5000 J3 2000 5000 J4 20000 5000;
5 11 X 0 subckt;
9 underdamped_JTL;
DS 0 1 1;
(SymbolCall gnd);
5 10 0 0 -42000 17000;
1 Bound -43000 14400 -41000 17000;
9 gnd;
C 0 T -43000 16000;
(SymbolCall gnd);
5 10 0 0 -45000 -3000;
1 Bound -46000 -5600 -44000 -3000;
9 gnd;
C 0 T -46000 -4000;
(SymbolCall gnd);
5 10 0 0 -31000 -3000;
1 Bound -32000 -5600 -30000 -3000;
9 gnd;
C 0 T -32000 -4000;
(SymbolCall gnd);
5 10 0 0 -14000 -3000;
1 Bound -15000 -5600 -13000 -3000;
9 gnd;
C 0 T -15000 -4000;
(SymbolCall gnd);
5 10 0 0 3000 -3000;
1 Bound 2000 -5600 4000 -3000;
9 gnd;
C 0 T 2000 -4000;
(SymbolCall gnd);
5 10 0 0 21000 -3000;
1 Bound 20000 -5600 22000 -3000;
9 gnd;
C 0 T 20000 -4000;
(SymbolCall gnd);
5 10 0 0 35000 -3000;
1 Bound 34000 -5600 36000 -3000;
9 gnd;
C 0 T 34000 -4000;
(SymbolCall gnd);
5 10 0 0 52000 -3000;
1 Bound 51000 -5600 53000 -3000;
9 gnd;
C 0 T 51000 -4000;
(SymbolCall gnd);
5 10 0 0 69000 -3000;
1 Bound 68000 -5600 70000 -3000;
9 gnd;
C 0 T 68000 -4000;
(SymbolCall gnd);
5 10 0 0 87000 -3000;
1 Bound 86000 -5600 88000 -3000;
9 gnd;
C 0 T 86000 -4000;
(SymbolCall gnd);
5 10 0 0 101000 -3000;
1 Bound 100000 -5600 102000 -3000;
9 gnd;
C 0 T 100000 -4000;
(SymbolCall gnd);
5 10 0 0 118000 -3000;
1 Bound 117000 -5600 119000 -3000;
9 gnd;
C 0 T 117000 -4000;
(SymbolCall gnd);
5 10 0 0 135000 -3000;
1 Bound 134000 -5600 136000 -3000;
9 gnd;
C 0 T 134000 -4000;
(SymbolCall gnd);
5 10 0 0 153000 -3000;
1 Bound 152000 -5600 154000 -3000;
9 gnd;
C 0 T 152000 -4000;
(SymbolCall gnd);
5 10 0 0 167000 -3000;
1 Bound 166000 -5600 168000 -3000;
9 gnd;
C 0 T 166000 -4000;
(SymbolCall gnd);
5 10 0 0 184000 -3000;
1 Bound 183000 -5600 185000 -3000;
9 gnd;
C 0 T 183000 -4000;
(SymbolCall gnd);
5 10 0 0 201000 -3000;
1 Bound 200000 -5600 202000 -3000;
9 gnd;
C 0 T 200000 -4000;
(SymbolCall gnd);
5 10 0 0 219000 -3000;
1 Bound 218000 -5600 220000 -3000;
9 gnd;
C 0 T 218000 -4000;
(SymbolCall ind);
5 10 7 1 -35000 7000 L0-;
5 10 1 0 -45000 7000 L0+;
5 15 -44000 8000 1 0;
5 2 40p;
5 11 L 0;
1 Bound -45000 7000 -35000 8500;
( Rotate 90 );
9 ind;
C 0 R 0 1 T -35000 6000;
(SymbolCall ind);
5 10 8 1 -18000 7000 L1-;
5 10 7 0 -28000 7000 L1+;
5 15 -27000 8000 1 0;
5 2 40p;
5 11 L 1;
1 Bound -28000 7000 -18000 8500;
( Rotate 90 );
9 ind;
C 0 R 0 1 T -18000 6000;
(SymbolCall ind);
5 10 9 1 -1000 7000 L2-;
5 10 8 0 -11000 7000 L2+;
5 15 -10000 8000 1 0;
5 2 40p;
5 11 L 2;
1 Bound -11000 7000 -1000 8500;
( Rotate 90 );
9 ind;
C 0 R 0 1 T -1000 6000;
(SymbolCall ind);
5 10 10 1 17000 7000 L3-;
5 10 9 0 7000 7000 L3+;
5 15 8000 8000 1 0;
5 2 40p;
5 11 L 3;
1 Bound 7000 7000 17000 8500;
( Rotate 90 );
9 ind;
C 0 R 0 1 T 17000 6000;
(SymbolCall ind);
5 2 40p;
5 15 22000 8000 1 0;
5 11 L 4;
5 10 11 1 31000 7000 L4-;
5 10 10 0 21000 7000 L4+;
1 Bound 21000 7000 31000 8500;
( Rotate 90 );
9 ind;
C 0 R 0 1 T 31000 6000;
(SymbolCall ind);
5 2 40p;
5 15 39000 8000 1 0;
5 11 L 5;
5 10 12 1 48000 7000 L5-;
5 10 11 0 38000 7000 L5+;
1 Bound 38000 7000 48000 8500;
( Rotate 90 );
9 ind;
C 0 R 0 1 T 48000 6000;
(SymbolCall ind);
5 2 40p;
5 15 56000 8000 1 0;
5 11 L 6;
5 10 13 1 65000 7000 L6-;
5 10 12 0 55000 7000 L6+;
1 Bound 55000 7000 65000 8500;
( Rotate 90 );
9 ind;
C 0 R 0 1 T 65000 6000;
(SymbolCall ind);
5 2 40p;
5 15 74000 8000 1 0;
5 11 L 7;
5 10 14 1 83000 7000 L7-;
5 10 13 0 73000 7000 L7+;
1 Bound 73000 7000 83000 8500;
( Rotate 90 );
9 ind;
C 0 R 0 1 T 83000 6000;
(SymbolCall ind);
5 2 40p;
5 15 88000 8000 1 0;
5 11 L 8;
5 10 15 1 97000 7000 L8-;
5 10 14 0 87000 7000 L8+;
1 Bound 87000 7000 97000 8500;
( Rotate 90 );
9 ind;
C 0 R 0 1 T 97000 6000;
(SymbolCall ind);
5 2 40p;
5 15 105000 8000 1 0;
5 11 L 9;
5 10 16 1 114000 7000 L9-;
5 10 15 0 104000 7000 L9+;
1 Bound 104000 7000 114000 8500;
( Rotate 90 );
9 ind;
C 0 R 0 1 T 114000 6000;
(SymbolCall ind);
5 2 40p;
5 15 122000 8000 1 0;
5 11 L 10;
5 10 17 1 131000 7000 L10-;
5 10 16 0 121000 7000 L10+;
1 Bound 121000 7000 131000 8500;
( Rotate 90 );
9 ind;
C 0 R 0 1 T 131000 6000;
(SymbolCall ind);
5 2 40p;
5 15 140000 8000 1 0;
5 11 L 11;
5 10 18 1 149000 7000 L11-;
5 10 17 0 139000 7000 L11+;
1 Bound 139000 7000 149000 8500;
( Rotate 90 );
9 ind;
C 0 R 0 1 T 149000 6000;
(SymbolCall ind);
5 2 40p;
5 15 154000 8000 1 0;
5 11 L 12;
5 10 19 1 163000 7000 L12-;
5 10 18 0 153000 7000 L12+;
1 Bound 153000 7000 163000 8500;
( Rotate 90 );
9 ind;
C 0 R 0 1 T 163000 6000;
(SymbolCall ind);
5 2 40p;
5 15 171000 8000 1 0;
5 11 L 13;
5 10 20 1 180000 7000 L13-;
5 10 19 0 170000 7000 L13+;
1 Bound 170000 7000 180000 8500;
( Rotate 90 );
9 ind;
C 0 R 0 1 T 180000 6000;
(SymbolCall ind);
5 2 40p;
5 15 188000 8000 1 0;
5 11 L 14;
5 10 21 1 197000 7000 L14-;
5 10 20 0 187000 7000 L14+;
1 Bound 187000 7000 197000 8500;
( Rotate 90 );
9 ind;
C 0 R 0 1 T 197000 6000;
(SymbolCall ind);
5 2 40p;
5 15 206000 8000 1 0;
5 11 L 15;
5 10 22 1 215000 7000 L15-;
5 10 21 0 205000 7000 L15+;
1 Bound 205000 7000 215000 8500;
( Rotate 90 );
9 ind;
C 0 R 0 1 T 215000 6000;
(SymbolCall jj);
5 10 2 2 -32000 5000 B0_2;
5 10 0 1 -31000 -3000 B0-;
5 10 7 0 -31000 7000 B0+;
5 1 jjud;
5 3 area=1;
5 11 B 0;
1 Bound -32500 -3000 -29500 7000;
9 jj;
C 0 T -32000 -3000;
(SymbolCall jj);
5 10 3 2 -15000 5000 B1_2;
5 10 0 1 -14000 -3000 B1-;
5 10 8 0 -14000 7000 B1+;
5 1 jjud;
5 3 area=1;
5 11 B 1;
1 Bound -15500 -3000 -12500 7000;
9 jj;
C 0 T -15000 -3000;
(SymbolCall jj);
5 10 4 2 2000 5000 B2_2;
5 10 0 1 3000 -3000 B2-;
5 10 9 0 3000 7000 B2+;
5 1 jjud;
5 3 area=1;
5 11 B 2;
1 Bound 1500 -3000 4500 7000;
9 jj;
C 0 T 2000 -3000;
(SymbolCall jj);
5 10 5 2 20000 5000 B3_2;
5 10 0 1 21000 -3000 B3-;
5 10 10 0 21000 7000 B3+;
5 1 jjud;
5 3 area=1;
5 11 B 3;
1 Bound 19500 -3000 22500 7000;
9 jj;
C 0 T 20000 -3000;
(SymbolCall jj);
5 3 area=1;
5 1 jjud;
5 11 B 4;
5 10 23 2 34000 5000 B4_2;
5 10 0 1 35000 -3000 B4-;
5 10 11 0 35000 7000 B4+;
1 Bound 33500 -3000 36500 7000;
9 jj;
C 0 T 34000 -3000;
(SymbolCall jj);
5 3 area=1;
5 1 jjud;
5 11 B 5;
5 10 24 2 51000 5000 B5_2;
5 10 0 1 52000 -3000 B5-;
5 10 12 0 52000 7000 B5+;
1 Bound 50500 -3000 53500 7000;
9 jj;
C 0 T 51000 -3000;
(SymbolCall jj);
5 3 area=1;
5 1 jjud;
5 11 B 6;
5 10 25 2 68000 5000 B6_2;
5 10 0 1 69000 -3000 B6-;
5 10 13 0 69000 7000 B6+;
1 Bound 67500 -3000 70500 7000;
9 jj;
C 0 T 68000 -3000;
(SymbolCall jj);
5 3 area=1;
5 1 jjud;
5 11 B 7;
5 10 26 2 86000 5000 B7_2;
5 10 0 1 87000 -3000 B7-;
5 10 14 0 87000 7000 B7+;
1 Bound 85500 -3000 88500 7000;
9 jj;
C 0 T 86000 -3000;
(SymbolCall jj);
5 3 area=1;
5 1 jjud;
5 11 B 8;
5 10 27 2 100000 5000 B8_2;
5 10 0 1 101000 -3000 B8-;
5 10 15 0 101000 7000 B8+;
1 Bound 99500 -3000 102500 7000;
9 jj;
C 0 T 100000 -3000;
(SymbolCall jj);
5 3 area=1;
5 1 jjud;
5 11 B 9;
5 10 28 2 117000 5000 B9_2;
5 10 0 1 118000 -3000 B9-;
5 10 16 0 118000 7000 B9+;
1 Bound 116500 -3000 119500 7000;
9 jj;
C 0 T 117000 -3000;
(SymbolCall jj);
5 3 area=1;
5 1 jjud;
5 11 B 10;
5 10 29 2 134000 5000 B10_2;
5 10 0 1 135000 -3000 B10-;
5 10 17 0 135000 7000 B10+;
1 Bound 133500 -3000 136500 7000;
9 jj;
C 0 T 134000 -3000;
(SymbolCall jj);
5 3 area=1;
5 1 jjud;
5 11 B 11;
5 10 30 2 152000 5000 B11_2;
5 10 0 1 153000 -3000 B11-;
5 10 18 0 153000 7000 B11+;
1 Bound 151500 -3000 154500 7000;
9 jj;
C 0 T 152000 -3000;
(SymbolCall jj);
5 3 area=1;
5 1 jjud;
5 11 B 12;
5 10 31 2 166000 5000 B12_2;
5 10 0 1 167000 -3000 B12-;
5 10 19 0 167000 7000 B12+;
1 Bound 165500 -3000 168500 7000;
9 jj;
C 0 T 166000 -3000;
(SymbolCall jj);
5 3 area=1;
5 1 jjud;
5 11 B 13;
5 10 32 2 183000 5000 B13_2;
5 10 0 1 184000 -3000 B13-;
5 10 20 0 184000 7000 B13+;
1 Bound 182500 -3000 185500 7000;
9 jj;
C 0 T 183000 -3000;
(SymbolCall jj);
5 3 area=1;
5 1 jjud;
5 11 B 14;
5 10 33 2 200000 5000 B14_2;
5 10 0 1 201000 -3000 B14-;
5 10 21 0 201000 7000 B14+;
1 Bound 199500 -3000 202500 7000;
9 jj;
C 0 T 200000 -3000;
(SymbolCall jj);
5 3 area=1;
5 1 jjud;
5 11 B 15;
5 10 34 2 218000 5000 B15_2;
5 10 0 1 219000 -3000 B15-;
5 10 22 0 219000 7000 B15+;
1 Bound 217500 -3000 220500 7000;
9 jj;
C 0 T 218000 -3000;
(SymbolCall res);
5 2 100;
5 11 R 0;
5 10 7 1 -31000 7000 R0-;
5 10 6 0 -31000 17000 R0+;
5 15 -32000 16000 0 -1 "<v>/<value>O";
1 Bound -32250 7000 -30000 17000;
9 res;
C 0 T -31000 17000;
(SymbolCall res);
5 2 100;
5 15 -15000 16000 0 -1 "<v>/<value>O";
5 11 R 1;
5 10 8 1 -14000 7000 R1-;
5 10 6 0 -14000 17000 R1+;
1 Bound -15250 7000 -13000 17000;
9 res;
C 0 T -14000 17000;
(SymbolCall res);
5 2 100;
5 15 2000 16000 0 -1 "<v>/<value>O";
5 11 R 2;
5 10 9 1 3000 7000 R2-;
5 10 6 0 3000 17000 R2+;
1 Bound 1750 7000 4000 17000;
9 res;
C 0 T 3000 17000;
(SymbolCall res);
5 2 100;
5 15 20000 16000 0 -1 "<v>/<value>O";
5 11 R 3;
5 10 10 1 21000 7000 R3-;
5 10 6 0 21000 17000 R3+;
1 Bound 19750 7000 22000 17000;
9 res;
C 0 T 21000 17000;
(SymbolCall res);
5 2 100;
5 15 34000 16000 0 -1 "<v>/<value>O";
5 11 R 4;
5 10 11 1 35000 7000 R4-;
5 10 6 0 35000 17000 R4+;
1 Bound 33750 7000 36000 17000;
9 res;
C 0 T 35000 17000;
(SymbolCall res);
5 2 100;
5 15 51000 16000 0 -1 "<v>/<value>O";
5 11 R 5;
5 10 12 1 52000 7000 R5-;
5 10 6 0 52000 17000 R5+;
1 Bound 50750 7000 53000 17000;
9 res;
C 0 T 52000 17000;
(SymbolCall res);
5 2 100;
5 15 68000 16000 0 -1 "<v>/<value>O";
5 11 R 6;
5 10 13 1 69000 7000 R6-;
5 10 6 0 69000 17000 R6+;
1 Bound 67750 7000 70000 17000;
9 res;
C 0 T 69000 17000;
(SymbolCall res);
5 2 100;
5 15 86000 16000 0 -1 "<v>/<value>O";
5 11 R 7;
5 10 14 1 87000 7000 R7-;
5 10 6 0 87000 17000 R7+;
1 Bound 85750 7000 88000 17000;
9 res;
C 0 T 87000 17000;
(SymbolCall res);
5 2 100;
5 15 100000 16000 0 -1 "<v>/<value>O";
5 11 R 8;
5 10 15 1 101000 7000 R8-;
5 10 6 0 101000 17000 R8+;
1 Bound 99750 7000 102000 17000;
9 res;
C 0 T 101000 17000;
(SymbolCall res);
5 2 100;
5 15 117000 16000 0 -1 "<v>/<value>O";
5 11 R 9;
5 10 16 1 118000 7000 R9-;
5 10 6 0 118000 17000 R9+;
1 Bound 116750 7000 119000 17000;
9 res;
C 0 T 118000 17000;
(SymbolCall res);
5 2 100;
5 15 134000 16000 0 -1 "<v>/<value>O";
5 11 R 10;
5 10 17 1 135000 7000 R10-;
5 10 6 0 135000 17000 R10+;
1 Bound 133750 7000 136000 17000;
9 res;
C 0 T 135000 17000;
(SymbolCall res);
5 2 100;
5 15 152000 16000 0 -1 "<v>/<value>O";
5 11 R 11;
5 10 18 1 153000 7000 R11-;
5 10 6 0 153000 17000 R11+;
1 Bound 151750 7000 154000 17000;
9 res;
C 0 T 153000 17000;
(SymbolCall res);
5 2 100;
5 15 166000 16000 0 -1 "<v>/<value>O";
5 11 R 12;
5 10 19 1 167000 7000 R12-;
5 10 6 0 167000 17000 R12+;
1 Bound 165750 7000 168000 17000;
9 res;
C 0 T 167000 17000;
(SymbolCall res);
5 2 100;
5 15 183000 16000 0 -1 "<v>/<value>O";
5 11 R 13;
5 10 20 1 184000 7000 R13-;
5 10 6 0 184000 17000 R13+;
1 Bound 182750 7000 185000 17000;
9 res;
C 0 T 184000 17000;
(SymbolCall res);
5 2 100;
5 15 200000 16000 0 -1 "<v>/<value>O";
5 11 R 14;
5 10 21 1 201000 7000 R14-;
5 10 6 0 201000 17000 R14+;
1 Bound 199750 7000 202000 17000;
9 res;
C 0 T 201000 17000;
(SymbolCall res);
5 2 100;
5 15 218000 16000 0 -1 "<v>/<value>O";
5 11 R 15;
5 10 22 1 219000 7000 R15-;
5 10 6 0 219000 17000 R15+;
1 Bound 217750 7000 220000 17000;
9 res;
C 0 T 219000 17000;
(SymbolCall vcc);
5 10 6 0 -42000 27000 VCC;
5 11 @ 0;
1 Bound -43000 27000 -41000 29200;
9 vcc;
C 0 T -42000 27000;
(SymbolCall vcc);
5 10 6 0 -31000 17000 VCC;
5 11 @ 1;
1 Bound -32000 17000 -30000 19200;
9 vcc;
C 0 T -31000 17000;
(SymbolCall vcc);
5 11 @ 2;
5 10 6 0 -14000 17000 VCC;
1 Bound -15000 17000 -13000 19200;
9 vcc;
C 0 T -14000 17000;
(SymbolCall vcc);
5 11 @ 3;
5 10 6 0 3000 17000 VCC;
1 Bound 2000 17000 4000 19200;
9 vcc;
C 0 T 3000 17000;
(SymbolCall vcc);
5 11 @ 4;
5 10 6 0 21000 17000 VCC;
1 Bound 20000 17000 22000 19200;
9 vcc;
C 0 T 21000 17000;
(SymbolCall vcc);
5 11 @ 5;
5 10 6 0 35000 17000 VCC;
1 Bound 34000 17000 36000 19200;
9 vcc;
C 0 T 35000 17000;
(SymbolCall vcc);
5 11 @ 6;
5 10 6 0 52000 17000 VCC;
1 Bound 51000 17000 53000 19200;
9 vcc;
C 0 T 52000 17000;
(SymbolCall vcc);
5 11 @ 7;
5 10 6 0 69000 17000 VCC;
1 Bound 68000 17000 70000 19200;
9 vcc;
C 0 T 69000 17000;
(SymbolCall vcc);
5 11 @ 8;
5 10 6 0 87000 17000 VCC;
1 Bound 86000 17000 88000 19200;
9 vcc;
C 0 T 87000 17000;
(SymbolCall vcc);
5 11 @ 9;
5 10 6 0 101000 17000 VCC;
1 Bound 100000 17000 102000 19200;
9 vcc;
C 0 T 101000 17000;
(SymbolCall vcc);
5 11 @ 10;
5 10 6 0 118000 17000 VCC;
1 Bound 117000 17000 119000 19200;
9 vcc;
C 0 T 118000 17000;
(SymbolCall vcc);
5 11 @ 11;
5 10 6 0 135000 17000 VCC;
1 Bound 134000 17000 136000 19200;
9 vcc;
C 0 T 135000 17000;
(SymbolCall vcc);
5 11 @ 12;
5 10 6 0 153000 17000 VCC;
1 Bound 152000 17000 154000 19200;
9 vcc;
C 0 T 153000 17000;
(SymbolCall vcc);
5 11 @ 13;
5 10 6 0 167000 17000 VCC;
1 Bound 166000 17000 168000 19200;
9 vcc;
C 0 T 167000 17000;
(SymbolCall vcc);
5 11 @ 14;
5 10 6 0 184000 17000 VCC;
1 Bound 183000 17000 185000 19200;
9 vcc;
C 0 T 184000 17000;
(SymbolCall vcc);
5 11 @ 15;
5 10 6 0 201000 17000 VCC;
1 Bound 200000 17000 202000 19200;
9 vcc;
C 0 T 201000 17000;
(SymbolCall vcc);
5 11 @ 16;
5 10 6 0 219000 17000 VCC;
1 Bound 218000 17000 220000 19200;
9 vcc;
C 0 T 219000 17000;
(SymbolCall vsrc);
5 3 0 0 1p .05m;
5 2 pwl;
5 15 -42000 23000 0 -1;
5 11 V 0;
5 10 0 1 -42000 17000 V0_1;
5 10 6 0 -42000 27000 V0_0;
5 5 nophys;
1 Bound -44000 17000 -40000 27000;
9 vsrc;
C 0 T -44000 17000;
(SymbolCall vsrc);
5 3 0 0 20p 2p 0 20p;
5 10 0 1 -45000 -3000 V1_1;
5 10 1 0 -45000 7000 V1_0;
5 15 -45000 3000 0 -1;
5 2 gpulse;
5 5 nophys;
5 11 V 1;
1 Bound -47000 -3000 -43000 7000;
9 vsrc;
C 0 T -47000 -3000;
L SCED;
5 10 7;
W2 0 -35000 7000 -31000 7000 -28000 7000;
5 10 8;
W2 0 -18000 7000 -14000 7000 -11000 7000;
5 10 9;
W2 0 7000 7000 3000 7000 -1000 7000;
5 10 10;
W2 0 17000 7000 21000 7000;
5 10 11;
W2 0 31000 7000 35000 7000 38000 7000;
5 10 12;
W2 0 48000 7000 52000 7000 55000 7000;
5 10 13;
W2 0 73000 7000 69000 7000 65000 7000;
5 10 14;
W2 0 83000 7000 87000 7000;
5 10 15;
W2 0 97000 7000 101000 7000 104000 7000;
5 10 16;
W2 0 114000 7000 118000 7000 121000 7000;
5 10 17;
W2 0 139000 7000 135000 7000 131000 7000;
5 10 18;
W2 0 149000 7000 153000 7000;
5 10 19;
W2 0 163000 7000 167000 7000 170000 7000;
5 10 20;
W2 0 180000 7000 184000 7000 187000 7000;
5 10 21;
W2 0 205000 7000 201000 7000 197000 7000;
5 10 22;
W2 0 215000 7000 219000 7000;
L NAME;
5 16 V 0 11;
94 <<V0>> -44250 25750 320 1275 1000;
5 16 R 0 11;
94 <<R0>> -32500 15750 320 1275 1000;
5 16 R 1 11;
94 <<R1>> -15500 15750 320 1050 1000;
5 16 R 2 11;
94 <<R2>> 1500 15750 320 1275 1000;
5 16 R 3 11;
94 <<R3>> 19500 15750 320 1275 1000;
5 16 R 4 11;
94 <<R4>> 33500 15750 320 1275 1000;
5 16 R 5 11;
94 <<R5>> 50500 15750 320 1275 1000;
5 16 R 6 11;
94 <<R6>> 67500 15750 320 1275 1000;
5 16 R 7 11;
94 <<R7>> 85500 15750 320 1275 1000;
5 16 R 8 11;
94 <<R8>> 99500 15750 320 1275 1000;
5 16 R 9 11;
94 <<R9>> 116500 15750 320 1275 1000;
5 16 R 10 11;
94 <<R10>> 133500 15750 320 1650 1000;
5 16 R 11 11;
94 <<R11>> 151500 15750 320 1425 1000;
5 16 R 12 11;
94 <<R12>> 165500 15750 320 1650 1000;
5 16 R 13 11;
94 <<R13>> 182500 15750 320 1650 1000;
5 16 R 14 11;
94 <<R14>> 199500 15750 320 1650 1000;
5 16 R 15 11;
94 <<R15>> 217500 15750 320 1650 1000;
5 16 L 0 11;
94 <<L0>> -44750 8750 0 1275 1000;
5 16 L 1 11;
94 <<L1>> -27750 8750 0 1050 1000;
5 16 L 2 11;
94 <<L2>> -10750 8750 0 1275 1000;
5 16 L 3 11;
94 <<L3>> 7250 8750 0 1275 1000;
5 16 L 4 11;
94 <<L4>> 21250 8750 0 1275 1000;
5 16 L 5 11;
94 <<L5>> 38250 8750 0 1275 1000;
5 16 L 6 11;
94 <<L6>> 55250 8750 0 1275 1000;
5 16 L 7 11;
94 <<L7>> 73250 8750 0 1275 1000;
5 16 L 8 11;
94 <<L8>> 87250 8750 0 1275 1000;
5 16 L 9 11;
94 <<L9>> 104250 8750 0 1275 1000;
5 16 L 10 11;
94 <<L10>> 121250 8750 0 1650 1000;
5 16 L 11 11;
94 <<L11>> 139250 8750 0 1425 1000;
5 16 L 12 11;
94 <<L12>> 153250 8750 0 1650 1000;
5 16 L 13 11;
94 <<L13>> 170250 8750 0 1650 1000;
5 16 L 14 11;
94 <<L14>> 187250 8750 0 1650 1000;
5 16 L 15 11;
94 <<L15>> 205250 8750 0 1650 1000;
5 16 V 1 11;
94 <<V1>> -47250 5750 320 1050 1000;
5 16 B 0 11;
94 <<B0>> -32750 5750 320 1275 1000;
5 16 B 1 11;
94 <<B1>> -15750 5750 320 1050 1000;
5 16 B 2 11;
94 <<B2>> 1250 5750 320 1275 1000;
5 16 B 3 11;
94 <<B3>> 19250 5750 320 1275 1000;
5 16 B 4 11;
94 <<B4>> 33250 5750 320 1275 1000;
5 16 B 5 11;
94 <<B5>> 50250 5750 320 1275 1000;
5 16 B 6 11;
94 <<B6>> 67250 5750 320 1275 1000;
5 16 B 7 11;
94 <<B7>> 85250 5750 320 1275 1000;
5 16 B 8 11;
94 <<B8>> 99250 5750 320 1275 1000;
5 16 B 9 11;
94 <<B9>> 116250 5750 320 1275 1000;
5 16 B 10 11;
94 <<B10>> 133250 5750 320 1650 1000;
5 16 B 11 11;
94 <<B11>> 151250 5750 320 1425 1000;
5 16 B 12 11;
94 <<B12>> 165250 5750 320 1650 1000;
5 16 B 13 11;
94 <<B13>> 182250 5750 320 1650 1000;
5 16 B 14 11;
94 <<B14>> 199250 5750 320 1650 1000;
5 16 B 15 11;
94 <<B15>> 217250 5750 320 1650 1000;
L MODL;
5 16 B 0 1;
94 <<jjud>> -29250 6750 256 2279 1029;
5 16 B 1 1;
94 <<jjud>> -12250 6750 256 2279 1029;
5 16 B 2 1;
94 <<jjud>> 4750 6750 256 2279 1029;
5 16 B 3 1;
94 <<jjud>> 22750 6750 256 2279 1029;
5 16 B 4 1;
94 <<jjud>> 36750 6750 256 2279 1029;
5 16 B 5 1;
94 <<jjud>> 53750 6750 256 2279 1029;
5 16 B 6 1;
94 <<jjud>> 70750 6750 256 2279 1029;
5 16 B 7 1;
94 <<jjud>> 88750 6750 256 2279 1029;
5 16 B 8 1;
94 <<jjud>> 102750 6750 256 2279 1029;
5 16 B 9 1;
94 <<jjud>> 119750 6750 256 2279 1029;
5 16 B 10 1;
94 <<jjud>> 136750 6750 256 2279 1029;
5 16 B 11 1;
94 <<jjud>> 154750 6750 256 2279 1029;
5 16 B 12 1;
94 <<jjud>> 168750 6750 256 2279 1029;
5 16 B 13 1;
94 <<jjud>> 185750 6750 256 2279 1029;
5 16 B 14 1;
94 <<jjud>> 202750 6750 256 2279 1029;
5 16 B 15 1;
94 <<jjud>> 220750 6750 256 2279 1029;
L VALU;
5 16 V 0 2;
94 <<pwl>> -39750 26750 33024 1575 1000;
5 16 R 0 2;
94 <<100>> -29750 16750 33024 1650 1000;
5 16 R 1 2;
94 <<100>> -12750 16750 33024 1650 1000;
5 16 R 2 2;
94 <<100>> 4250 16750 33024 1650 1000;
5 16 R 3 2;
94 <<100>> 22250 16750 33024 1650 1000;
5 16 R 4 2;
94 <<100>> 36250 16750 33024 1650 1000;
5 16 R 5 2;
94 <<100>> 53250 16750 33024 1650 1000;
5 16 R 6 2;
94 <<100>> 70250 16750 33024 1650 1000;
5 16 R 7 2;
94 <<100>> 88250 16750 33024 1650 1000;
5 16 R 8 2;
94 <<100>> 102250 16750 33024 1650 1000;
5 16 R 9 2;
94 <<100>> 119250 16750 33024 1650 1000;
5 16 R 10 2;
94 <<100>> 136250 16750 33024 1650 1000;
5 16 R 11 2;
94 <<100>> 154250 16750 33024 1650 1000;
5 16 R 12 2;
94 <<100>> 168250 16750 33024 1650 1000;
5 16 R 13 2;
94 <<100>> 185250 16750 33024 1650 1000;
5 16 R 14 2;
94 <<100>> 202250 16750 33024 1650 1000;
5 16 R 15 2;
94 <<100>> 220250 16750 33024 1650 1000;
5 16 V 1 2;
94 <<gpulse>> -42750 6750 33024 3375 1000;
5 16 L 0 2;
94 <<40p>> -35250 6750 33088 1875 1000;
5 16 L 1 2;
94 <<40p>> -18250 6750 33088 1875 1000;
5 16 L 2 2;
94 <<40p>> -1250 6750 33088 1875 1000;
5 16 L 3 2;
94 <<40p>> 16750 6750 33088 1875 1000;
5 16 L 4 2;
94 <<40p>> 30750 6750 33088 1875 1000;
5 16 L 5 2;
94 <<40p>> 47750 6750 33088 1875 1000;
5 16 L 6 2;
94 <<40p>> 64750 6750 33088 1875 1000;
5 16 L 7 2;
94 <<40p>> 82750 6750 33088 1875 1000;
5 16 L 8 2;
94 <<40p>> 96750 6750 33088 1875 1000;
5 16 L 9 2;
94 <<40p>> 113750 6750 33088 1875 1000;
5 16 L 10 2;
94 <<40p>> 130750 6750 33088 1875 1000;
5 16 L 11 2;
94 <<40p>> 148750 6750 33088 1875 1000;
5 16 L 12 2;
94 <<40p>> 162750 6750 33088 1875 1000;
5 16 L 13 2;
94 <<40p>> 179750 6750 33088 1875 1000;
5 16 L 14 2;
94 <<40p>> 196750 6750 33088 1875 1000;
5 16 L 15 2;
94 <<40p>> 214750 6750 33088 1875 1000;
L PARM;
5 16 V 0 3;
94 <<0 0 1p .05m>> -39750 17250 32768 5955 1029;
5 16 V 1 3;
94 <<0 0 20p 2p 0 20p>> -42750 -2750 32768 9484 1029;
5 16 B 0 3;
94 <<area=1>> -29250 -2750 32768 3375 1000;
5 16 B 1 3;
94 <<area=1>> -12250 -2750 32768 3375 1000;
5 16 B 2 3;
94 <<area=1>> 4750 -2750 32768 3375 1000;
5 16 B 3 3;
94 <<area=1>> 22750 -2750 32768 3375 1000;
5 16 B 4 3;
94 <<area=1>> 36750 -2750 32768 3375 1000;
5 16 B 5 3;
94 <<area=1>> 53750 -2750 32768 3375 1000;
5 16 B 6 3;
94 <<area=1>> 70750 -2750 32768 3375 1000;
5 16 B 7 3;
94 <<area=1>> 88750 -2750 32768 3375 1000;
5 16 B 8 3;
94 <<area=1>> 102750 -2750 32768 3375 1000;
5 16 B 9 3;
94 <<area=1>> 119750 -2750 32768 3375 1000;
5 16 B 10 3;
94 <<area=1>> 136750 -2750 32768 3375 1000;
5 16 B 11 3;
94 <<area=1>> 154750 -2750 32768 3375 1000;
5 16 B 12 3;
94 <<area=1>> 168750 -2750 32768 3375 1000;
5 16 B 13 3;
94 <<area=1>> 185750 -2750 32768 3375 1000;
5 16 B 14 3;
94 <<area=1>> 202750 -2750 32768 3375 1000;
5 16 B 15 3;
94 <<area=1>> 220750 -2750 32768 3375 1000;
L NODE;
5 16 @ 0 11;
94 <<vcc>> -42750 29450 0 1875 1000;
5 16 @ 1 11;
94 <<vcc>> -31750 19450 0 1875 1000;
5 16 @ 2 11;
94 <<vcc>> -14750 19450 0 1875 1000;
5 16 @ 3 11;
94 <<vcc>> 2250 19450 0 1875 1000;
5 16 @ 4 11;
94 <<vcc>> 20250 19450 0 1875 1000;
5 16 @ 5 11;
94 <<vcc>> 34250 19450 0 1875 1000;
5 16 @ 6 11;
94 <<vcc>> 51250 19450 0 1875 1000;
5 16 @ 7 11;
94 <<vcc>> 68250 19450 0 1875 1000;
5 16 @ 8 11;
94 <<vcc>> 86250 19450 0 1875 1000;
5 16 @ 9 11;
94 <<vcc>> 100250 19450 0 1875 1000;
5 16 @ 10 11;
94 <<vcc>> 117250 19450 0 1875 1000;
5 16 @ 11 11;
94 <<vcc>> 134250 19450 0 1875 1000;
5 16 @ 12 11;
94 <<vcc>> 152250 19450 0 1875 1000;
5 16 @ 13 11;
94 <<vcc>> 166250 19450 0 1875 1000;
5 16 @ 14 11;
94 <<vcc>> 183250 19450 0 1875 1000;
5 16 @ 15 11;
94 <<vcc>> 200250 19450 0 1875 1000;
5 16 @ 16 11;
94 <<vcc>> 218250 19450 0 1875 1000;
L SPTX;
94 <<.options ysep>> -26000 32000 0 12032 1792;
DF;
E
* Generated by Xic from cell underdamped_JTL
.tran 1p 250p
.plot tran v(VIN) v(7) v(VCC)
.options ysep
B0 7 0 J1 jjud area=1
B1 8 0 J2 jjud area=1
B2 9 0 J3 jjud area=1
B3 10 0 J4 jjud area=1
B4 11 0 23 jjud area=1
B5 12 0 24 jjud area=1
B6 13 0 25 jjud area=1
B7 14 0 26 jjud area=1
B8 15 0 27 jjud area=1
B9 16 0 28 jjud area=1
B10 17 0 29 jjud area=1
B11 18 0 30 jjud area=1
B12 19 0 31 jjud area=1
B13 20 0 32 jjud area=1
B14 21 0 33 jjud area=1
B15 22 0 34 jjud area=1
L0 VIN 7 40p
L1 7 8 40p
L2 8 9 40p
L3 9 10 40p
L4 10 11 40p
L5 11 12 40p
L6 12 13 40p
L7 13 14 40p
L8 14 15 40p
L9 15 16 40p
L10 16 17 40p
L11 17 18 40p
L12 18 19 40p
L13 19 20 40p
L14 20 21 40p
L15 21 22 40p
R0 VCC 7 100
R1 VCC 8 100
R2 VCC 9 100
R3 VCC 10 100
R4 VCC 11 100
R5 VCC 12 100
R6 VCC 13 100
R7 VCC 14 100
R8 VCC 15 100
R9 VCC 16 100
R10 VCC 17 100
R11 VCC 18 100
R12 VCC 19 100
R13 VCC 20 100
R14 VCC 21 100
R15 VCC 22 100
V0 VCC 0 pwl 0 0 1p .05m
V1 VIN 0 gpulse 0 0 20p 2p 0 20p
.model jjud jj(rtype=1, cct=1, vg=2.8m, icrit=2u, vshunt=0.5mV cap=300f)
