0.0 0.0
0.005 0.000131234412159946
0.01 9.521086433346501e-05
0.015 7.508002765473711e-05
0.02 8.272214077504142e-05
0.025 8.57279196748013e-05
0.030000000000000002 8.422885681794662e-05
0.035 8.401649759921052e-05
0.04 8.447823111556635e-05
0.045 8.460584558981032e-05
0.049999999999999996 8.466274499320533e-05
0.05499999999999999 8.478405100835465e-05
0.05999999999999999 8.487530158425312e-05
0.06499999999999999 8.492141066631168e-05
0.06999999999999999 8.49280513270319e-05
0.075 8.487192935764352e-05
0.08 8.473003359483106e-05
0.085 8.447518078898553e-05
0.09000000000000001 8.406759671989167e-05
0.09500000000000001 8.345452804831004e-05
0.10000000000000002 8.256287278428983e-05
0.10500000000000002 8.128960562757912e-05
0.11000000000000003 7.948692535320987e-05
0.11500000000000003 7.693759099490006e-05
0.12000000000000004 7.331420391892619e-05
0.12500000000000003 6.810891609825356e-05
0.13000000000000003 6.050865046001845e-05
0.13500000000000004 4.916598930232509e-05
0.14000000000000004 3.176591498913557e-05
0.14500000000000005 4.189060681003642e-06
0.15000000000000005 -4.1102456881153706e-05
0.15500000000000005 -0.00011800672996747852
0.16000000000000006 -0.0002510227658992947
0.16500000000000006 -0.0004754792857163963
0.17000000000000007 -0.0008046638011931786
0.17500000000000007 -0.0010831190791668625
0.18000000000000008 -0.0008090793064496164
0.18500000000000008 1.308985249269636e-05
0.19000000000000009 3.202929473815568e-05
0.1950000000000001 -0.0006143055581844843
0.2000000000000001 1.0559177413888652
0.2050000000000001 3.101760818579659
0.2100000000000001 4.2132209496423405
0.2150000000000001 4.226520212502374
0.2200000000000001 4.24557477928469
0.22500000000000012 4.267887293830692
0.23000000000000012 4.294052900542095
0.23500000000000013 4.32474471103096
0.24000000000000013 4.36053058499472
0.24500000000000013 4.4013219515404876
0.2500000000000001 4.446384804162699
0.2550000000000001 4.494712560529961
0.2600000000000001 4.545337216216913
0.2650000000000001 4.597768253601739
0.27000000000000013 4.651686935336039
0.27500000000000013 4.7069655611108745
0.28000000000000014 4.763461998256138
0.28500000000000014 4.821087132235539
0.29000000000000015 4.879790496400098
0.29500000000000015 4.9393749498154955
0.30000000000000016 4.999746252251284
0.30500000000000016 5.060714900485189
0.31000000000000016 5.122254547238997
0.31500000000000017 5.184251873897434
0.3200000000000002 5.246622668872912
0.3250000000000002 5.309350082082231
0.3300000000000002 5.372363999044425
0.3350000000000002 5.435613121324149
0.3400000000000002 5.499101858060667
0.3450000000000002 5.562835952731258
0.3500000000000002 5.626795982412963
0.3550000000000002 5.690962838297823
0.3600000000000002 5.755338104923981
0.3650000000000002 5.819927788123432
0.3700000000000002 5.884706122937106
0.3750000000000002 5.949674023113215
0.3800000000000002 6.014861554830411
0.38500000000000023 6.080220857506338
0.39000000000000024 6.145778839859099
0.39500000000000024 6.211484074997343
0.39000000000000024 6.228220348481964
0.38500000000000023 6.201293265713866
0.3800000000000002 6.153737664217607
0.3750000000000002 6.09652556433462
0.3700000000000002 6.034782696386373
0.3650000000000002 5.971038798840217
0.3600000000000002 5.906422136230218
0.3550000000000002 5.841497589179282
0.3500000000000002 5.776547819538208
0.3450000000000002 5.711670120670407
0.3400000000000002 5.646942892266391
0.3350000000000002 5.582428577935681
0.3300000000000002 5.518087482046493
0.3250000000000002 5.4539473067812
0.3200000000000002 5.390054349870442
0.31500000000000017 5.3263799774457175
0.31000000000000016 5.262930430472233
0.30500000000000016 5.19973028085062
0.30000000000000016 5.136813924620047
0.29500000000000015 5.074237414120658
0.29000000000000015 5.011991880137292
0.28500000000000014 4.950163923841537
0.28000000000000014 4.88885595792305
0.27500000000000013 4.8281877337460095
0.27000000000000013 4.768290426494047
0.2650000000000001 4.709284008809575
0.2600000000000001 4.651405742323193
0.2550000000000001 4.594777151566107
0.2500000000000001 4.539589492578645
0.2450000000000001 4.485980810000309
0.2400000000000001 4.4342130988522745
0.2350000000000001 4.384887098286656
0.2300000000000001 4.339279326373029
0.2250000000000001 4.299287504129404
0.22000000000000008 4.266495379662715
0.21500000000000008 4.240752446691763
0.21000000000000008 4.220593504600109
0.20500000000000007 4.204681005057906
0.20000000000000007 4.192103832510555
0.19500000000000006 4.182208728515226
0.19000000000000006 4.17436314144304
0.18500000000000005 4.1680527500219045
0.18000000000000005 4.162748405430127
0.17500000000000004 4.158233013833362
0.17000000000000004 4.154214306015894
0.16500000000000004 4.150595246044323
0.16000000000000003 4.147278505156965
0.15500000000000003 4.144177381025537
0.15000000000000002 4.141230201937403
0.14500000000000002 4.138404480694082
0.14 4.135653640019743
0.135 4.1329443448726995
0.13 4.130263615372628
0.125 4.127582209152447
0.12 4.124832554854342
0.11499999999999999 4.122065769644982
0.10999999999999999 4.119150399702596
0.10499999999999998 4.116139109176179
0.09999999999999998 4.1129472992571685
0.09499999999999997 4.109484209558045
0.08999999999999997 4.105714957000759
0.08499999999999996 4.101532692880488
0.07999999999999996 4.09679732069767
0.07499999999999996 4.091300201356644
0.06999999999999995 4.0847004226080745
0.06499999999999995 4.076581470314951
0.05999999999999995 4.066220769239979
0.05499999999999995 4.052552031767268
0.049999999999999954 4.034085320668321
0.04499999999999996 4.009034516649077
0.03999999999999996 3.9745757457740813
0.03499999999999996 3.926424373915826
0.02999999999999996 3.8587057894931847
0.02499999999999996 3.7665954323945203
0.01999999999999996 3.6477703076488717
0.014999999999999958 3.5000136728083486
0.009999999999999957 3.3216598720760095
0.004999999999999957 3.112671457939881
-4.336808689942018e-17 2.873862789581598
