(Symbol JPMJTL);
($Id:$);
(PHYSICAL);
(RESOLUTION 1000);
9 JPMJTL;
DS 0 1 1;
DF;
E
(ELECTRICAL);
(RESOLUTION 1000);
5 10 1 0 0:-17000 25000:9000 0x0 IN;
5 10 2 1 10000:-8000 25000:9000 0x0 OUT;
5 10 3 2 -10000:-12000 13000:6000 0x0 JPM;
5 7101 tran .5p 100p;
5 14 1 L 4 L 2 .5;
5 14 2 L 0 L 1 .1;
5 18 1
  L SCED:
  B 5000 3000 -12500 9500:
  W 0 -17000 9000 -15000 9000:
  W 0 -10000 9000 -8000 9000:
  W 0 -12000 8000 -12000 6000:
;
5 11 X 0 subckt;
9 JPMJTL;
DS 0 1 1;
(SymbolCall gnd);
5 10 0 0 10000 65000;
1 Bound 9000 65000 11000 67600;
9 gnd;
C 0 MY T 9000 66000;
(SymbolCall gnd);
5 10 0 0 0 45000;
1 Bound -2600 44000 0 46000;
( Rotate 270 );
9 gnd;
C 0 R 0 -1 T -1000 46000;
(SymbolCall gnd);
5 10 0 0 0 35000;
1 Bound -2600 34000 0 36000;
( Rotate 90 );
9 gnd;
C 0 MY R 0 1 T -1000 34000;
(SymbolCall gnd);
5 10 0 0 10000 5000;
1 Bound 9000 2400 11000 5000;
9 gnd;
C 0 T 9000 4000;
(SymbolCall gnd);
5 10 0 0 0 3000;
1 Bound -1000 400 1000 3000;
9 gnd;
C 0 T -1000 2000;
(SymbolCall ind);
5 10 4 1 10000 45000 LBIAS-;
5 10 0 0 0 45000 LBIAS+;
5 15 1000 46000 1 0;
5 2 55p;
5 17 mutual;
5 11 L.LBias 0;
1 Bound 0 45000 10000 46500;
( Rotate 90 );
9 ind;
C 0 R 0 1 T 10000 44000;
(SymbolCall ind);
5 10 5 1 10000 35000 LSHUNT-;
5 10 0 0 0 35000 LSHUNT+;
5 15 1000 36000 1 0;
5 17 mutual;
5 2 3.2n;
5 11 L.Lshunt 1;
1 Bound 0 35000 10000 36500;
( Rotate 90 );
9 ind;
C 0 R 0 1 T 10000 34000;
(SymbolCall ind);
5 10 2 1 10000 25000 LJTL-;
5 10 1 0 0 25000 LJTL+;
5 15 1000 26000 1 0;
5 17 mutual;
5 2 41p;
5 11 L.LJTL 2;
1 Bound 0 25000 10000 26500;
( Rotate 90 );
9 ind;
C 0 R 0 1 T 10000 24000;
(SymbolCall ind);
5 10 2 1 10000 25000 L3-;
5 10 6 0 10000 15000 L3+;
5 15 9000 16000 0 1;
5 2 2p;
5 11 L 3;
1 Bound 8500 15000 10000 25000;
( Rotate 180 );
9 ind;
C 0 R -1 0 T 11000 25000;
(SymbolCall ind);
5 10 0 1 0 13000 LJPM-;
5 10 3 0 -10000 13000 LJPM+;
5 15 -9000 14000 1 0;
5 2 1n;
5 11 L.LJPM 4;
5 17 mutual;
1 Bound -10000 13000 0 14500;
( Rotate 90 );
9 ind;
C 0 R 0 1 T 0 12000;
(SymbolCall isrc);
5 10 4 1 10000 55000 IBIAS_1;
5 10 0 0 10000 65000 IBIAS_0;
5 15 10000 59000 0 -1 @<name>[c];
5 11 I.Ibias 0;
5 2 $value1;
5 5 nophys;
1 Bound 8000 55000 12000 65000;
9 isrc;
C 0 T 8000 55000;
(SymbolCall jj);
5 10 7 2 9000 13000 B0_2;
5 10 0 1 10000 5000 B0-;
5 10 6 0 10000 15000 B0+;
5 3 area=1;
5 11 B 0;
5 1 jjtl;
1 Bound 8500 5000 11500 15000;
9 jj;
C 0 T 9000 5000;
(SymbolCall res);
5 10 2 1 10000 25000 R0-;
5 10 5 0 10000 35000 R0+;
5 15 9000 34000 0 -1 "<v>/<value>O";
5 2 .001;
5 11 R 0;
1 Bound 8750 25000 11000 35000;
9 res;
C 0 T 10000 35000;
L SCED;
5 10 4;
W2 0 10000 55000 10000 45000;
5 10 0;
W2 0 0 13000 0 3000;
L NAME;
5 16 I 0 11;
94 <<Ibias>> 7750 63750 320 2426 1029;
5 16 L 0 11;
94 <<LBias>> 250 46750 0 2720 1029;
5 16 L 1 11;
94 <<Lshunt>> 250 36750 0 3529 1029;
5 16 R 0 11;
94 <<R0>> 8500 33750 320 1275 1000;
5 16 L 2 11;
94 <<LJTL>> 250 26750 0 2426 1029;
5 16 L 3 11;
94 <<L3>> 8250 23750 320 1275 1000;
5 16 L 4 11;
94 <<LJPM>> -9750 14750 0 2426 1029;
5 16 B 0 11;
94 <<B0>> 8250 13750 320 1275 1000;
L MODL;
5 16 B 0 1;
94 <<jjtl>> 11750 14750 256 1911 1029;
L VALU;
5 16 I 0 2;
94 <<$value1>> 12250 64750 33024 3676 1029;
5 16 L 0 2;
94 <<55p>> 9750 44750 33088 1838 1029;
5 16 K 2 14;
94 <<K2=.1>> 3800 40250 0 2400 1000;
5 16 L 1 2;
94 <<3.2n>> 9750 34750 33088 2100 1000;
5 16 R 0 2;
94 <<.001>> 11250 34750 33024 1875 1000;
5 16 L 2 2;
94 <<41p>> 9750 24750 33088 1650 1000;
5 16 L 3 2;
94 <<2p>> 10250 24750 33024 1250 1029;
5 16 K 1 14;
94 <<K1=.5>> -1200 19250 0 2400 1000;
5 16 L 4 2;
94 <<1n>> -250 12750 33088 1050 1000;
L PARM;
5 16 B 0 3;
94 <<area=1>> 11750 5250 32768 3308 1029;
DF;
E
