(Symbol fjtl);
($Id:$);
(PHYSICAL);
(RESOLUTION 1000);
9 fjtl;
DS 0 1 1;
DF;
E
(ELECTRICAL);
(RESOLUTION 1000);
5 10 1 0 1000:14000 10000:11000 0x0 IN;
5 10 2 1 34000:28000 10000:11000 0x0 OUT;
5 7101 tran 1p 20n;
5 18 1
  L VALU:
  94 <<in>> 18000 11000 320 416 448:
  94 <<out>> 25000 11000 320 768 448:
  L ETC1:
  B 8000 2000 21000 11000:
  L ETC2:
  94 <<JTL>> 22000 12000 320 1800 1448:
  L SCED:
  W 0 17000 11000 14000 11000:
  W 0 25000 11000 28000 11000:
;
5 11 X 0 subckt;
9 fjtl;
DS 0 1 1;
(SymbolCall gnd);
5 10 0 0 21000 20000;
1 Bound 20000 20000 22000 22600;
9 gnd;
C 0 MY T 20000 21000;
(SymbolCall gnd);
5 10 0 0 11000 0;
1 Bound 10000 -2600 12000 0;
9 gnd;
C 0 T 10000 -1000;
(SymbolCall gnd);
5 10 0 0 31000 0;
1 Bound 30000 -2600 32000 0;
9 gnd;
C 0 T 30000 -1000;
(SymbolCall ind);
5 10 1 1 1000 10000 L0-;
5 10 4 0 11000 10000 L0+;
5 15 10000 9000 -1 0;
5 2 100p;
5 11 L 0;
1 Bound 1000 8500 11000 10000;
( Rotate 270 );
9 ind;
C 0 R 0 -1 T 1000 11000;
(SymbolCall ind);
5 10 4 1 11000 10000 L1-;
5 10 3 0 21000 10000 L1+;
5 15 20000 9000 -1 0;
5 2 50p;
5 11 L 1;
1 Bound 11000 8500 21000 10000;
( Rotate 270 );
9 ind;
C 0 R 0 -1 T 11000 11000;
(SymbolCall ind);
5 10 3 1 21000 10000 L2-;
5 10 2 0 31000 10000 L2+;
5 15 30000 9000 -1 0;
5 2 50p;
5 11 L 2;
1 Bound 21000 8500 31000 10000;
( Rotate 270 );
9 ind;
C 0 R 0 -1 T 21000 11000;
(SymbolCall isrc);
5 10 3 1 21000 10000 I0_1;
5 10 0 0 21000 20000 I0_0;
5 15 21000 14000 0 -1 @<name>[c];
5 2 15u;
5 5 nophys;
5 11 I 0;
1 Bound 19000 10000 23000 20000;
9 isrc;
C 0 T 19000 10000;
(SymbolCall jj);
5 10 5 2 10000 8000 B0_2;
5 10 0 1 11000 0 B0-;
5 10 4 0 11000 10000 B0+;
5 1 jjs;
5 3 area=10;
5 11 B 0;
1 Bound 9500 0 12500 10000;
9 jj;
C 0 T 10000 0;
(SymbolCall jj);
5 10 6 2 30000 8000 B1_2;
5 10 0 1 31000 0 B1-;
5 10 2 0 31000 10000 B1+;
5 1 jjs;
5 3 area=10;
5 11 B 1;
1 Bound 29500 0 32500 10000;
9 jj;
C 0 T 30000 0;
L SCED;
5 16 L 0 2;
94 <<100p>> 7750 11250 33088 2204 1029;
5 16 L 1 2;
94 <<50p>> 17750 11250 33088 1837 1029;
5 16 L 2 2;
94 <<50p>> 27750 11250 33088 1837 1029;
5 10 2;
W2 0 31000 10000 34000 10000;
L NAME;
5 16 I 0 11;
94 <<I0>> 18750 18750 320 975 1000;
5 16 L 0 11;
94 <<L0>> 1250 10250 0 1275 1000;
5 16 L 1 11;
94 <<L1>> 11250 10250 0 1050 1000;
5 16 L 2 11;
94 <<L2>> 21250 10250 0 1275 1000;
5 16 B 0 11;
94 <<B0>> 9250 8750 320 1275 1000;
5 16 B 1 11;
94 <<B1>> 29250 8750 320 1050 1000;
L MODL;
5 16 B 0 1;
94 <<jjs>> 8750 5750 256 1690 1029;
5 16 B 1 1;
94 <<jjs>> 28750 5750 256 1690 1029;
L VALU;
5 16 I 0 2;
94 <<15u>> 17250 15750 33024 1617 1029;
L PARM;
5 16 B 0 3;
94 <<area=10>> 11750 4250 32768 3894 1029;
5 16 B 1 3;
94 <<area=10>> 31750 4250 32768 3894 1029;
DF;
E
