(Symbol sfqdc);
($Id:$);
(PHYSICAL);
(RESOLUTION 1000);
9 sfqdc;
DS 0 1 1;
DF;
E
(ELECTRICAL);
(RESOLUTION 1000);
5 10 1 0 6000:17000 60000:42000 0x0 IN;
5 10 2 1 55000:33000 28000:42000 0x0 OUT;
5 7101 tran 1p 20n;
5 18 1
  L VALU:
  94 <<in>> 22000 43000 320 1261 1358:
  94 <<out>> 30000 43000 320 2328 1358:
  L ETC1:
  B 10000 6000 25000 42000:
  L ETC2:
  94 <<SFQ-DC>> 27000 44000 320 4753 1358:
  L SCED:
  W 0 20000 42000 17000 42000:
  W 0 30000 42000 33000 42000:
;
5 11 X 0 subckt;
9 sfqdc;
DS 0 1 1;
(SymbolCall gnd);
5 10 0 0 22000 70000;
1 Bound 21000 70000 23000 72600;
( Rotate 180 );
9 gnd;
C 0 R -1 0 T 23000 71000;
(SymbolCall gnd);
5 10 0 0 14000 46000;
1 Bound 13000 43400 15000 46000;
9 gnd;
C 0 T 13000 45000;
(SymbolCall gnd);
5 10 0 0 30000 32000;
1 Bound 29000 29400 31000 32000;
9 gnd;
C 0 T 29000 31000;
(SymbolCall gnd);
5 10 0 0 48000 32000;
1 Bound 47000 29400 49000 32000;
9 gnd;
C 0 T 47000 31000;
(SymbolCall gnd);
5 10 0 0 35000 28000;
1 Bound 34000 25400 36000 28000;
9 gnd;
C 0 T 34000 27000;
(SymbolCall gnd);
5 10 0 0 45000 18000;
1 Bound 44000 15400 46000 18000;
9 gnd;
C 0 T 44000 17000;
(SymbolCall gnd);
5 10 0 0 40000 14000;
1 Bound 39000 11400 41000 14000;
9 gnd;
C 0 T 39000 13000;
(SymbolCall ind);
5 10 12 1 40000 46000 L1-;
5 10 10 0 30000 46000 L1+;
5 15 31000 47000 1 0;
5 2 58.6p;
5 11 L.L1 0;
1 Bound 30000 46000 40000 47500;
( Rotate 90 );
9 ind;
C 0 R 0 1 T 40000 45000;
(SymbolCall ind1);
5 10 7 0 14000 50000 LJ1_0;
5 10 0 1 14000 46000 LJ1_1;
5 15 15000 50000 0 -1;
5 2 4p;
5 11 LP.LJ1 0;
1 Bound 14000 46000 15250 50000;
9 ind1;
C 0 T 13000 41000;
(SymbolCall ind1);
5 10 8 0 30000 50000 LJ2_0;
5 10 10 1 30000 46000 LJ2_1;
5 15 31000 50000 0 -1;
5 2 16.5p;
5 11 LP.LJ2 1;
1 Bound 30000 46000 31250 50000;
9 ind1;
C 0 T 29000 41000;
(SymbolCall ind1);
5 10 9 0 48000 50000 LJ4_0;
5 10 11 1 48000 46000 LJ4_1;
5 15 49000 50000 0 -1;
5 2 19.8p;
5 11 LP.LJ4 2;
1 Bound 48000 46000 49250 50000;
9 ind1;
C 0 T 47000 41000;
(SymbolCall ind1);
5 10 13 0 30000 36000 LJ3_0;
5 10 0 1 30000 32000 LJ3_1;
5 15 31000 36000 0 -1;
5 2 10.5p;
5 11 LP.LJ3 3;
1 Bound 30000 32000 31250 36000;
9 ind1;
C 0 T 29000 27000;
(SymbolCall ind1);
5 10 14 0 48000 36000 LJ5_0;
5 10 0 1 48000 32000 LJ5_1;
5 15 49000 36000 0 -1;
5 2 58p;
5 11 LP.LJ5 4;
1 Bound 48000 32000 49250 36000;
9 ind1;
C 0 T 47000 27000;
(SymbolCall ind1);
5 10 15 0 40000 18000 LJ7_0;
5 10 0 1 40000 14000 LJ7_1;
5 15 41000 18000 0 -1;
5 2 6.6p;
5 11 LP.LJ7 5;
1 Bound 40000 14000 41250 18000;
9 ind1;
C 0 T 39000 9000;
(SymbolCall ind2);
5 10 1 0 6000 60000 L3_0;
5 10 6 1 14000 60000 L3_1;
5 15 7000 61000 1 0;
5 2 73.8p;
5 11 LT.L3 0;
1 Bound 6000 60000 14000 61250;
( Rotate 90 );
9 ind2;
C 0 R 0 1 T 16000 59000;
(SymbolCall ind2);
5 10 6 0 14000 60000 L5_0;
5 10 5 1 22000 60000 L5_1;
5 15 15000 61000 1 0;
5 2 22.4p;
5 11 LT.L5 1;
1 Bound 14000 60000 22000 61250;
( Rotate 90 );
9 ind2;
C 0 R 0 1 T 24000 59000;
(SymbolCall ind2);
5 10 5 0 22000 60000 L4_0;
5 10 3 1 30000 60000 L4_1;
5 15 23000 61000 1 0;
5 2 9.2p;
5 11 LT.L4 2;
1 Bound 22000 60000 30000 61250;
( Rotate 90 );
9 ind2;
C 0 R 0 1 T 32000 59000;
(SymbolCall ind2);
5 10 12 0 40000 46000 L2_0;
5 10 11 1 48000 46000 L2_1;
5 15 41000 47000 1 0;
5 2 31p;
5 11 LT.L2 3;
1 Bound 40000 46000 48000 47250;
( Rotate 90 );
9 ind2;
C 0 R 0 1 T 50000 45000;
(SymbolCall ind2);
5 10 4 0 40000 38000 LJ6_0;
5 10 12 1 40000 46000 LJ6_1;
5 15 39000 39000 0 1;
5 2 3.3p;
5 11 LT.LJ6 4;
1 Bound 38750 38000 40000 46000;
( Rotate 180 );
9 ind2;
C 0 R -1 0 T 41000 48000;
(SymbolCall isrc);
5 10 5 1 22000 60000 I1_1;
5 10 0 0 22000 70000 I1_0;
5 15 22000 64000 0 -1 @<name>[c];
5 2 11.2u;
5 11 I.I1 0;
5 5 nophys;
1 Bound 20000 60000 24000 70000;
9 isrc;
C 0 T 20000 60000;
(SymbolCall isrc);
5 10 2 1 45000 28000 I2_1;
5 10 0 0 45000 18000 I2_0;
5 15 45000 24000 0 1 @<name>[c];
5 2 5.45u;
5 11 I.I2 1;
5 5 nophys;
1 Bound 43000 18000 47000 28000;
( Rotate 180 );
9 isrc;
C 0 R -1 0 T 47000 28000;
(SymbolCall jj);
5 10 16 2 13000 58000 B1_2;
5 10 7 1 14000 50000 B1-;
5 10 6 0 14000 60000 B1+;
5 1 jjs;
5 3 area=6.45;
5 11 B.B1 0;
1 Bound 12500 50000 15500 60000;
9 jj;
C 0 T 13000 50000;
(SymbolCall jj);
5 10 17 2 29000 58000 B2_2;
5 10 8 1 30000 50000 B2-;
5 10 3 0 30000 60000 B2+;
5 1 jjs;
5 3 area=14.55;
5 11 B.B2 1;
1 Bound 28500 50000 31500 60000;
9 jj;
C 0 T 29000 50000;
(SymbolCall jj);
5 10 18 2 47000 58000 B4_2;
5 10 9 1 48000 50000 B4-;
5 10 3 0 48000 60000 B4+;
5 1 jjs;
5 3 area=7.25;
5 11 B.B4 2;
1 Bound 46500 50000 49500 60000;
9 jj;
C 0 T 47000 50000;
(SymbolCall jj);
5 10 19 2 29000 44000 B3_2;
5 10 13 1 30000 36000 B3-;
5 10 10 0 30000 46000 B3+;
5 1 jjs;
5 3 area=5.3;
5 11 B 3;
1 Bound 28500 36000 31500 46000;
9 jj;
C 0 T 29000 36000;
(SymbolCall jj);
5 10 20 2 47000 44000 B5_2;
5 10 14 1 48000 36000 B5-;
5 10 11 0 48000 46000 B5+;
5 1 jjs;
5 3 area=10.9;
5 11 B.B5 4;
1 Bound 46500 36000 49500 46000;
9 jj;
C 0 T 47000 36000;
(SymbolCall jj);
5 10 21 2 39000 36000 B6_2;
5 10 2 1 40000 28000 B6-;
5 10 4 0 40000 38000 B6+;
5 1 jjtl;
5 3 area=5.15;
5 11 B.B6 5;
1 Bound 38500 28000 41500 38000;
9 jj;
C 0 T 39000 28000;
(SymbolCall jj);
5 10 22 2 39000 26000 B7_2;
5 10 15 1 40000 18000 B7-;
5 10 2 0 40000 28000 B7+;
5 1 jjs;
5 3 area=6.3;
5 11 B.B7 6;
1 Bound 38500 18000 41500 28000;
9 jj;
C 0 T 39000 18000;
(SymbolCall res);
5 10 0 1 35000 28000 R0-;
5 10 4 0 35000 38000 R0+;
5 15 34000 37000 0 -1 "<v>/<value>O";
5 2 44;
5 11 R 0;
1 Bound 33750 28000 36000 38000;
9 res;
C 0 T 35000 38000;
L SCED;
5 10 3;
W2 0 30000 60000 48000 60000;
5 10 4;
W2 0 40000 38000 35000 38000;
5 10 2;
W2 0 40000 28000 45000 28000 55000 28000;
L NAME;
5 16 I 0 11;
94 <<I1>> 19750 68750 320 735 1029;
5 16 LT 0 11;
94 <<L3>> 6250 61500 0 1250 1029;
5 16 LT 1 11;
94 <<L5>> 14250 61500 0 1250 1029;
5 16 LT 2 11;
94 <<L4>> 22250 61500 0 1250 1029;
5 16 B 0 11;
94 <<B1>> 12250 58750 320 1029 1029;
5 16 B 1 11;
94 <<B2>> 28250 58750 320 1250 1029;
5 16 B 2 11;
94 <<B4>> 46250 58750 320 1250 1029;
5 16 L 0 11;
94 <<L1>> 35250 47750 0 1029 1029;
5 16 LP 0 11;
94 <<LJ1>> 13750 48750 320 1617 1029;
5 16 LP 1 11;
94 <<LJ2>> 29750 48750 320 1838 1029;
5 16 LP 2 11;
94 <<LJ4>> 47750 48750 320 1838 1029;
5 16 LT 3 11;
94 <<L2>> 40250 47500 0 1250 1029;
5 16 LT 4 11;
94 <<LJ6>> 38500 44750 320 1838 1029;
5 16 B 3 11;
94 <<B3>> 32250 41750 320 1275 1000;
5 16 B 4 11;
94 <<B5>> 50250 41750 320 1250 1029;
5 16 LP 3 11;
94 <<LJ3>> 29750 34750 320 1838 1029;
5 16 LP 4 11;
94 <<LJ5>> 47750 34750 320 1838 1029;
5 16 R 0 11;
94 <<R0>> 33500 33750 320 1275 1000;
5 16 B 5 11;
94 <<B6>> 39250 33750 320 1250 1029;
5 16 I 1 11;
94 <<I2>> 42750 26750 320 956 1029;
5 16 B 6 11;
94 <<B7>> 38250 24750 320 1250 1029;
5 16 LP 5 11;
94 <<LJ7>> 39750 16750 320 1838 1029;
L MODL;
5 16 B 0 1;
94 <<jjs>> 15750 59750 256 1690 1029;
5 16 B 1 1;
94 <<jjs>> 31750 59750 256 1690 1029;
5 16 B 2 1;
94 <<jjs>> 49750 59750 256 1690 1029;
5 16 B 3 1;
94 <<jjs>> 31750 45750 256 1690 1029;
5 16 B 4 1;
94 <<jjs>> 49750 45750 256 1690 1029;
5 16 B 5 1;
94 <<jjtl>> 41750 37750 256 1911 1029;
5 16 B 6 1;
94 <<jjs>> 41750 27750 256 1690 1029;
L VALU;
5 16 I 0 2;
94 <<11.2u>> 24250 65750 33024 2206 1029;
5 16 LT 0 2;
94 <<73.8p>> 13750 59750 33088 2647 1029;
5 16 LT 1 2;
94 <<22.4p>> 21750 59750 33088 2647 1029;
5 16 LT 2 2;
94 <<9.2p>> 29750 59750 33088 2058 1029;
5 16 LP 0 2;
94 <<4p>> 15500 49750 33024 1250 1029;
5 16 LP 1 2;
94 <<16.5p>> 31500 49750 33024 2426 1029;
5 16 LP 2 2;
94 <<19.8p>> 49500 49750 33024 2426 1029;
5 16 L 0 2;
94 <<58.6p>> 39750 45750 33088 2647 1029;
5 16 LT 3 2;
94 <<31p>> 47750 45750 33088 1617 1029;
5 16 LT 4 2;
94 <<3.3p>> 40250 42750 33024 2058 1029;
5 16 LP 3 2;
94 <<10.5p>> 31500 35750 33024 2426 1029;
5 16 LP 4 2;
94 <<58p>> 49500 35750 33024 1838 1029;
5 16 R 0 2;
94 <<44>> 33250 32750 33024 1250 1029;
5 16 I 1 2;
94 <<5.45u>> 47250 23750 33024 2647 1029;
5 16 LP 5 2;
94 <<6.6p>> 41500 17750 33024 2058 1029;
L PARM;
5 16 B 0 3;
94 <<area=6.45>> 8750 54250 32768 4926 1029;
5 16 B 1 3;
94 <<area=14.55>> 24750 54250 32768 5293 1029;
5 16 B 2 3;
94 <<area=7.25>> 42750 54250 32768 4926 1029;
5 16 B 3 3;
94 <<area=5.3>> 24750 40250 32768 4337 1029;
5 16 B 4 3;
94 <<area=10.9>> 42750 40250 32768 4705 1029;
5 16 B 5 3;
94 <<area=5.15>> 40750 32250 32768 4705 1029;
5 16 B 6 3;
94 <<area=6.3>> 34750 22250 32768 4337 1029;
DF;
E
