(Symbol conf_il);
($Id:$);
(xic 3.2.2 FreeBSD7 12/17/2009 19:22 GMT);
(PHYSICAL);
(RESOLUTION 1000);
( CREATED 12/17/2009 19:22:18, MODIFIED 12/17/2009 19:22:18 );
9 conf_il;
DS 0 1 1;
DF;
E
(ELECTRICAL);
(RESOLUTION 1000);
5 10 18 3 -1000:-12000 5000:1000 vbias 0 0 0 ?;
5 10 13 2 15000:-8000 -10000:-2000 out 0 0 0 ?;
5 10 14 1 -35000:-16000 -10000:-5000 in2 0 0 0 ?;
5 10 16 0 -35000:-16000 -1000:-2000 in1 0 0 0 ?;
5 18 1
  L SCED:
  W 0 -12000 0 -12000 1000:
  W 0 -15000 -2000 -16000 -2000:
  W 0 -9000 -2000 -8000 -2000:
  W 0 -15000 -5000 -16000 -5000:
  L ETC1:
  B 6000 7000 -12000 -3500:
  L ETC2:
  94 <<CONF>> -14000 -4000 0 4521 1918:
  L MODL:
  94 <<IL>> -10000 -7000 0 735 791:
  L VALU:
  94 <<vbias>> -13000 -1000 0 2035 770:
  94 <<in1>> -15000 -2000 0 1062 826:
  94 <<out>> -11000 -2000 0 1415 826:
  94 <<in2>> -15000 -5000 0 1238 826:
;
5 11 X 0 subckt;
9 conf_il;
DS 0 1 1;
(SymbolCall res);
5 10 1 1 -1000 -5000 R0- 0 0 0 ?;
5 10 18 0 -1000 5000 R0+ 0 0 0 ?;
5 15 -2000 4000 0 -1 "<v>/<value>O";
5 2 18;
5 11 R 0;
1 Bound -2250 -5000 0 5000;
9 res;
C 0 T -1000 5000;
(SymbolCall ind2);
5 10 2 0 -9000 -10000 LT4_0 0 0 0 ?;
5 10 1 1 -1000 -10000 LT4_1 0 0 0 ?;
5 15 -8000 -9000 1 0;
5 2 0.44pH;
5 11 LT 4;
1 Bound -9000 -10000 -1000 -8750;
( Rotate 90 );
9 ind2;
C 0 R 0 1 T 1000 -11000;
(SymbolCall ind2);
5 10 5 0 7000 -10000 LT6_0 0 0 0 ?;
5 10 13 1 15000 -10000 LT6_1 0 0 0 ?;
5 15 8000 -9000 1 0;
5 2 1.80pH;
5 11 LT 6;
1 Bound 7000 -10000 15000 -8750;
( Rotate 90 );
9 ind2;
C 0 R 0 1 T 17000 -11000;
(SymbolCall ind2);
5 10 8 0 -17000 -1000 LT1_0 0 0 0 ?;
5 10 2 1 -9000 -1000 LT1_1 0 0 0 ?;
5 15 -16000 -2000 1 0;
5 2 1.39pH;
5 11 LT 1;
1 Bound -17000 -2250 -9000 -1000;
( Rotate 270 );
9 ind2;
C 0 MY R 0 -1 T -7000 0;
(SymbolCall ind2);
5 10 14 0 -35000 -10000 LT2_0 0 0 0 ?;
5 10 6 1 -27000 -10000 LT2_1 0 0 0 ?;
5 15 -34000 -9000 1 0;
5 2 1.87pH;
5 11 LT 2;
1 Bound -35000 -10000 -27000 -8750;
( Rotate 90 );
9 ind2;
C 0 R 0 1 T -25000 -11000;
(SymbolCall ind2);
5 10 1 0 -1000 -10000 LT5_0 0 0 0 ?;
5 10 5 1 7000 -10000 LT5_1 0 0 0 ?;
5 15 0 -9000 1 0;
5 2 1.94pH;
5 11 LT 5;
1 Bound -1000 -10000 7000 -8750;
( Rotate 90 );
9 ind2;
C 0 R 0 1 T 9000 -11000;
(SymbolCall ind2);
5 10 16 0 -35000 -1000 LT0_0 0 0 0 ?;
5 10 9 1 -27000 -1000 LT0_1 0 0 0 ?;
5 15 -34000 -2000 1 0;
5 2 1.87pH;
5 11 LT 0;
1 Bound -35000 -2250 -27000 -1000;
( Rotate 270 );
9 ind2;
C 0 MY R 0 -1 T -25000 0;
(SymbolCall ind2);
5 10 7 0 -17000 -10000 LT3_0 0 0 0 ?;
5 10 2 1 -9000 -10000 LT3_1 0 0 0 ?;
5 15 -16000 -9000 1 0;
5 2 1.39pH;
5 11 LT 3;
1 Bound -17000 -10000 -9000 -8750;
( Rotate 90 );
9 ind2;
C 0 R 0 1 T -7000 -11000;
(SymbolCall jj);
5 10 19 2 -28000 1000;
5 10 10 1 -27000 9000 B0- 0 0 0 ?;
5 10 9 0 -27000 -1000 B0+ 0 0 0 ?;
5 1 jjr;
5 3 area=.35;
5 11 B 0;
1 Bound -28500 -1000 -25500 9000;
9 jj;
C 0 MY T -28000 9000;
(SymbolCall jj);
5 10 11 2 6000 -12000;
5 10 3 1 7000 -20000 B4- 0 0 0 ?;
5 10 5 0 7000 -10000 B4+ 0 0 0 ?;
5 3 area=.30;
5 11 B 4;
5 1 jjr;
1 Bound 5500 -20000 8500 -10000;
9 jj;
C 0 T 6000 -20000;
(SymbolCall jj);
5 10 15 2 -25000 -11000;
5 10 7 1 -17000 -10000 B2- 0 0 0 ?;
5 10 6 0 -27000 -10000 B2+ 0 0 0 ?;
5 3 area=.20;
5 1 jjr;
5 11 B 2;
1 Bound -27000 -11500 -17000 -8500;
( Rotate 90 );
9 jj;
C 0 R 0 1 T -17000 -11000;
(SymbolCall jj);
5 10 12 2 -28000 -12000;
5 10 4 1 -27000 -20000 B3- 0 0 0 ?;
5 10 6 0 -27000 -10000 B3+ 0 0 0 ?;
5 3 area=.35;
5 1 jjr;
5 11 B 3;
1 Bound -28500 -20000 -25500 -10000;
9 jj;
C 0 T -28000 -20000;
(SymbolCall jj);
5 10 17 2 -25000 0;
5 10 8 1 -17000 -1000 B1- 0 0 0 ?;
5 10 9 0 -27000 -1000 B1+ 0 0 0 ?;
5 3 area=.20;
5 1 jjr;
5 11 B 1;
1 Bound -27000 -2500 -17000 500;
( Rotate 270 );
9 jj;
C 0 MY R 0 -1 T -17000 0;
(SymbolCall ind1);
5 10 4 0 -27000 -20000 LP1_0 0 0 0 ?;
5 10 0 1 -27000 -24000 LP1_1 0 0 0 ?;
5 15 -26000 -20000 0 -1;
5 2 0.25pH;
5 11 LP 1;
1 Bound -27000 -24000 -25750 -20000;
9 ind1;
C 0 T -28000 -29000;
(SymbolCall ind1);
5 10 10 0 -27000 9000 LP0_0 0 0 0 ?;
5 10 0 1 -27000 13000 LP0_1 0 0 0 ?;
5 15 -26000 9000 0 1;
5 2 0.25pH;
5 11 LP 0;
1 Bound -27000 9000 -25750 13000;
9 ind1;
C 0 MY T -28000 18000;
(SymbolCall ind1);
5 10 3 0 7000 -20000 LP2_0 0 0 0 ?;
5 10 0 1 7000 -24000 LP2_1 0 0 0 ?;
5 15 8000 -20000 0 -1;
5 2 0.26pH;
5 11 LP 2;
1 Bound 7000 -24000 8250 -20000;
9 ind1;
C 0 T 6000 -29000;
(SymbolCall gnd);
5 10 0 0 -27000 -24000;
1 Bound -28000 -26600 -26000 -24000;
9 gnd;
C 0 T -28000 -25000;
(SymbolCall gnd);
5 10 0 0 -27000 13000;
1 Bound -28000 13000 -26000 15600;
9 gnd;
C 0 MY T -28000 14000;
(SymbolCall gnd);
5 10 0 0 7000 -24000;
1 Bound 6000 -26600 8000 -24000;
9 gnd;
C 0 T 6000 -25000;
L SCED;
5 10 2 0 0 0;
W2 0 -9000 -1000 -9000 -10000;
5 10 1 0 0 0;
W2 0 -1000 -10000 -1000 -5000;
L ETC1;
94 <<0.55mA>> -5000 -7000 0 3601 1146;
L ETC2;
94 <<Ilmenau values>> -18000 -25000 0 15554 2156;
L NAME;
5 16 LP 0 11;
94 <<LP0>> -27250 11000 64 1875 1000;
5 16 B 0 11;
94 <<B0>> -28750 4000 64 1275 1000;
5 16 B 1 11;
94 <<B1>> -26750 750 0 1050 1000;
5 16 R 0 11;
94 <<R0>> -2500 0 64 1275 1000;
5 16 LT 0 11;
94 <<LT0>> -32750 -750 0 1875 1000;
5 16 LT 1 11;
94 <<LT1>> -16750 -750 0 1650 1000;
5 16 B 2 11;
94 <<B2>> -26750 -8250 0 1275 1000;
5 16 LT 2 11;
94 <<LT2>> -32750 -8500 0 1875 1000;
5 16 LT 3 11;
94 <<LT3>> -16750 -8500 0 1875 1000;
5 16 LT 4 11;
94 <<LT4>> -8750 -8500 0 1875 1000;
5 16 LT 5 11;
94 <<LT5>> -750 -8500 0 1875 1000;
5 16 LT 6 11;
94 <<LT6>> 7250 -8500 0 1875 1000;
5 16 B 3 11;
94 <<B3>> -28750 -15000 64 1275 1000;
5 16 B 4 11;
94 <<B4>> 5250 -15000 64 1275 1000;
5 16 LP 1 11;
94 <<LP1>> -27250 -22000 64 1650 1000;
5 16 LP 2 11;
94 <<LP2>> 6750 -22000 64 1875 1000;
L MODL;
5 16 B 0 1;
94 <<jjr>> -25250 4250 0 1725 1000;
5 16 B 1 1;
94 <<jjr>> -17250 -3750 64 1725 1000;
5 16 B 2 1;
94 <<jjr>> -17250 -12750 64 1725 1000;
5 16 B 3 1;
94 <<jjr>> -25250 -14750 0 1725 1000;
5 16 B 4 1;
94 <<jjr>> 8750 -14750 0 1725 1000;
L VALU;
5 16 LP 0 2;
94 <<0.25pH>> -25500 11250 0 3300 1000;
5 16 R 0 2;
94 <<18>> 250 250 0 1050 1000;
5 16 LT 0 2;
94 <<1.87pH>> -29250 -3500 64 3075 1000;
5 16 LT 1 2;
94 <<1.39pH>> -11250 -3500 64 3075 1000;
5 16 LT 2 2;
94 <<1.87pH>> -29250 -11250 64 3075 1000;
5 16 LT 3 2;
94 <<1.39pH>> -11250 -11250 64 3075 1000;
5 16 LT 4 2;
94 <<0.44pH>> -3250 -11250 64 3300 1000;
5 16 LT 5 2;
94 <<1.94pH>> 4750 -11250 64 3075 1000;
5 16 LT 6 2;
94 <<1.80pH>> 12750 -11250 64 3075 1000;
5 16 LP 1 2;
94 <<0.25pH>> -25500 -21750 0 3300 1000;
5 16 LP 2 2;
94 <<0.26pH>> 8500 -21750 0 3300 1000;
L PARM;
5 16 B 0 3;
94 <<area=.35>> -25250 2750 0 4425 1000;
5 16 B 1 3;
94 <<area=.20>> -24750 -3750 0 4425 1000;
5 16 B 2 3;
94 <<area=.20>> -23750 -12750 0 4425 1000;
5 16 B 3 3;
94 <<area=.35>> -25250 -16250 0 4425 1000;
5 16 B 4 3;
94 <<area=.30>> 8750 -16250 0 4425 1000;
DF;
E
* Generated by Xic from cell conf_il
B0 9 10 19 jjr area=.35
B1 9 8 17 jjr area=.20
B2 6 7 15 jjr area=.20
B3 6 4 12 jjr area=.35
B4 5 3 11 jjr area=.30
LP0 10 0 0.25pH
LP1 4 0 0.25pH
LP2 3 0 0.26pH
LT0 in1 9 1.87pH
LT1 8 2 1.39pH
LT2 in2 6 1.87pH
LT3 7 2 1.39pH
LT4 2 1 0.44pH
LT5 1 5 1.94pH
LT6 5 out 1.80pH
R0 vbias 1 18
.model jjr jj(rtype=1, cct=1, icon=10m, vg=2.8m, delv=0.08m,
+ icrit=1m, vshunt=0.5mV cap=1.31p)

