(Symbol dcsfq_il);
($Id:$);
(xic 3.2.2 FreeBSD7 12/17/2009 19:23 GMT);
(PHYSICAL);
(RESOLUTION 1000);
( CREATED 12/17/2009 19:23:2, MODIFIED 12/17/2009 19:23:2 );
9 dcsfq_il;
DS 0 1 1;
DF;
E
(ELECTRICAL);
(RESOLUTION 1000);
5 10 4 2 -27000:-21000 20000:5000 vbias 0 0 0 ?;
5 10 12 1 -3000:-16000 5000:0 out 0 0 0 ?;
5 10 1 0 -40000:-25000 -5000:0 in 0 0 0 ?;
5 18 1
  L SCED:
  W 0 -21000 5000 -21000 4000:
  W 0 -24000 0 -25000 0:
  W 0 -17000 0 -16000 0:
  L ETC1:
  B 7000 6000 -20500 1000:
  L ETC2:
  94 <<DC-SFQ>> -23000 1000 0 4949 1414:
  L MODL:
  94 <<IL>> -18000 -2000 0 927 999:
  L VALU:
  94 <<vbias>> -22000 3000 0 3057 1157:
  94 <<in>> -24000 0 0 1074 1157:
  94 <<out>> -19000 0 0 1983 1157:
;
5 11 X 0 subckt;
9 dcsfq_il;
DS 0 1 1;
(SymbolCall res);
5 10 2 1 -11000 10000 R1- 0 0 0 ?;
5 10 4 0 -11000 20000 R1+ 0 0 0 ?;
5 15 -12000 19000 0 -1 "<v>/<value>O";
5 2 57;
5 11 R 1;
1 Bound -12250 10000 -10000 20000;
9 res;
C 0 T -11000 20000;
(SymbolCall res);
5 10 3 1 -27000 10000 R0- 0 0 0 ?;
5 10 4 0 -27000 20000 R0+ 0 0 0 ?;
5 15 -28000 19000 0 -1 "<v>/<value>O";
5 2 36;
5 11 R 0;
1 Bound -28250 10000 -26000 20000;
9 res;
C 0 T -27000 20000;
(SymbolCall ind1);
5 10 5 0 -11000 -5000 LP1_0 0 0 0 ?;
5 10 0 1 -11000 -9000 LP1_1 0 0 0 ?;
5 15 -10000 -5000 0 -1;
5 2 0.11pH;
5 11 LP 1;
1 Bound -11000 -9000 -9750 -5000;
9 ind1;
C 0 T -12000 -14000;
(SymbolCall ind1);
5 10 6 0 -19000 -5000 LP0_0 0 0 0 ?;
5 10 0 1 -19000 -9000 LP0_1 0 0 0 ?;
5 15 -18000 -5000 0 -1;
5 2 0.20pH;
5 11 LP 0;
1 Bound -19000 -9000 -17750 -5000;
9 ind1;
C 0 T -20000 -14000;
(SymbolCall jj);
5 10 9 2 -12000 3000;
5 10 5 1 -11000 -5000 B2- 0 0 0 ?;
5 10 2 0 -11000 5000 B2+ 0 0 0 ?;
5 3 area=.25;
5 1 jjr;
5 11 B 2;
1 Bound -12500 -5000 -9500 5000;
9 jj;
C 0 T -12000 -5000;
(SymbolCall jj);
5 10 10 2 -20000 3000;
5 10 6 1 -19000 -5000 B1- 0 0 0 ?;
5 10 7 0 -19000 5000 B1+ 0 0 0 ?;
5 3 area=.225;
5 1 jjr;
5 11 B 1;
1 Bound -20500 -5000 -17500 5000;
9 jj;
C 0 T -20000 -5000;
(SymbolCall jj);
5 10 11 2 -36000 3000;
5 10 1 1 -35000 -5000 B0- 0 0 0 ?;
5 10 8 0 -35000 5000 B0+ 0 0 0 ?;
5 3 area=.225;
5 1 jjr;
5 11 B 0;
1 Bound -36500 -5000 -33500 5000;
9 jj;
C 0 T -36000 -5000;
(SymbolCall gnd);
5 10 0 0 -11000 -9000;
1 Bound -12000 -11600 -10000 -9000;
9 gnd;
C 0 T -12000 -10000;
(SymbolCall gnd);
5 10 0 0 -19000 -9000;
1 Bound -20000 -11600 -18000 -9000;
9 gnd;
C 0 T -20000 -10000;
(SymbolCall gnd);
5 10 0 0 -27000 -5000;
1 Bound -27000 -6000 -24400 -4000;
( Rotate 90 );
9 gnd;
C 0 R 0 1 T -26000 -6000;
(SymbolCall ind2);
5 10 2 0 -11000 5000 LT3_0 0 0 0 ?;
5 10 12 1 -3000 5000 LT3_1 0 0 0 ?;
5 15 -10000 6000 1 0;
5 2 2.12pH;
5 11 LT 3;
1 Bound -11000 5000 -3000 6250;
( Rotate 90 );
9 ind2;
C 0 R 0 1 T -1000 4000;
(SymbolCall ind2);
5 10 7 0 -19000 5000 LT2_0 0 0 0 ?;
5 10 2 1 -11000 5000 LT2_1 0 0 0 ?;
5 15 -18000 6000 1 0;
5 2 4.41pH;
5 11 LT 2;
1 Bound -19000 5000 -11000 6250;
( Rotate 90 );
9 ind2;
C 0 R 0 1 T -9000 4000;
(SymbolCall ind2);
5 10 3 0 -27000 5000 LT1_0 0 0 0 ?;
5 10 7 1 -19000 5000 LT1_1 0 0 0 ?;
5 15 -26000 6000 1 0;
5 2 1.09pH;
5 11 LT 1;
1 Bound -27000 5000 -19000 6250;
( Rotate 90 );
9 ind2;
C 0 R 0 1 T -17000 4000;
(SymbolCall ind2);
5 10 8 0 -35000 5000 LT0_0 0 0 0 ?;
5 10 3 1 -27000 5000 LT0_1 0 0 0 ?;
5 15 -34000 6000 1 0;
5 2 0.51pH;
5 11 LT 0;
1 Bound -35000 5000 -27000 6250;
( Rotate 90 );
9 ind2;
C 0 R 0 1 T -25000 4000;
(SymbolCall ind2);
5 10 1 0 -35000 -5000 LT4_0 0 0 0 ?;
5 10 0 1 -27000 -5000 LT4_1 0 0 0 ?;
5 15 -34000 -4000 1 0;
5 2 3.34pH;
5 11 LT 4;
1 Bound -35000 -5000 -27000 -3750;
( Rotate 90 );
9 ind2;
C 0 R 0 1 T -25000 -6000;
L SCED;
5 10 4 0 0 0;
W2 0 -27000 20000 -11000 20000;
5 10 3 0 0 0;
W2 0 -27000 5000 -27000 10000;
5 10 2 0 0 0;
W2 0 -11000 5000 -11000 10000;
5 10 1 0 0 0;
W2 0 -35000 -5000 -40000 -5000;
L ETC1;
94 <<0.275mA>> -32000 8000 0 4080 1098;
94 <<0.175mA>> -16000 8000 0 3844 1098;
L ETC2;
94 <<Ilmenau values>> -35000 -10000 0 10201 1414;
L NAME;
5 16 R 0 11;
94 <<R0>> -28500 15000 64 1275 1000;
5 16 R 1 11;
94 <<R1>> -12500 15000 64 1050 1000;
5 16 LT 0 11;
94 <<LT0>> -34750 6500 0 1875 1000;
5 16 LT 1 11;
94 <<LT1>> -26750 6500 0 1650 1000;
5 16 LT 2 11;
94 <<LT2>> -18750 6500 0 1875 1000;
5 16 LT 3 11;
94 <<LT3>> -10750 6500 0 1875 1000;
5 16 B 0 11;
94 <<B0>> -36750 0 64 1275 1000;
5 16 B 1 11;
94 <<B1>> -20750 0 64 1050 1000;
5 16 B 2 11;
94 <<B2>> -12750 0 64 1275 1000;
5 16 LT 4 11;
94 <<LT4>> -34750 -3500 0 1875 1000;
5 16 LP 0 11;
94 <<LP0>> -19250 -7000 64 1875 1000;
5 16 LP 1 11;
94 <<LP1>> -11250 -7000 64 1650 1000;
L MODL;
5 16 B 0 1;
94 <<jjr>> -33250 250 0 1725 1000;
5 16 B 1 1;
94 <<jjr>> -17250 250 0 1725 1000;
5 16 B 2 1;
94 <<jjr>> -9250 250 0 1725 1000;
L VALU;
5 16 R 0 2;
94 <<36>> -25750 15250 0 1275 1000;
5 16 R 1 2;
94 <<57>> -9750 15250 0 1275 1000;
5 16 LT 0 2;
94 <<0.51pH>> -27250 3750 64 3075 1000;
5 16 LT 1 2;
94 <<1.09pH>> -19250 3750 64 3075 1000;
5 16 LT 2 2;
94 <<4.41pH>> -11250 3750 64 3075 1000;
5 16 LT 3 2;
94 <<2.12pH>> -3250 3750 64 3075 1000;
5 16 LT 4 2;
94 <<3.34pH>> -27250 -6250 64 3300 1000;
5 16 LP 0 2;
94 <<0.20pH>> -17500 -6750 0 3300 1000;
5 16 LP 1 2;
94 <<0.11pH>> -9500 -6750 0 2850 1000;
L PARM;
5 16 B 0 3;
94 <<area=.225>> -33250 -1250 0 5025 1000;
5 16 B 1 3;
94 <<area=.225>> -17250 -1250 0 5025 1000;
5 16 B 2 3;
94 <<area=.25>> -9250 -1250 0 4425 1000;
DF;
E
* Generated by Xic from cell dcsfq_il
B0 8 in 11 jjr area=.225
B1 7 6 10 jjr area=.225
B2 2 5 9 jjr area=.25
LP0 6 0 0.20pH
LP1 5 0 0.11pH
LT0 8 3 0.51pH
LT1 3 7 1.09pH
LT2 7 2 4.41pH
LT3 2 out 2.12pH
LT4 in 0 3.34pH
R0 vbias 3 36
R1 vbias 2 57
.model jjr jj(rtype=1, cct=1, icon=10m, vg=2.8m, delv=0.08m,
+ icrit=1m, vshunt=0.5mV cap=1.31p)

