(Symbol dcsfq);
($Id:$);
(xic 3.2.2 FreeBSD7 12/16/2009 04:29 GMT);
(PHYSICAL);
(RESOLUTION 1000);
( CREATED 12/16/2009 4:29:4, MODIFIED 12/16/2009 4:29:4 );
9 dcsfq;
DS 0 1 1;
DF;
E
(ELECTRICAL);
(RESOLUTION 1000);
5 10 18 2 3000:-3000 24000:16000 vbias 0 0 0 ?;
5 10 16 1 18000:2000 10000:11000 OUT 0 0 0 ?;
5 10 14 0 -23000:-7000 0:11000 IN 0 0 0 ?;
5 18 1
  L SCED:
  W 0 -3000 16000 -3000 15000:
  W 0 -6000 11000 -7000 11000:
  W 0 1000 11000 2000 11000:
  L ETC1:
  B 7000 6000 -2500 12000:
  L ETC2:
  94 <<DC-SFQ>> -5000 12000 0 5488 1568:
  L VALU:
  94 <<vbias>> -4000 14000 0 2664 1008:
  94 <<in>> -6000 11000 0 754 812:
  94 <<out>> 1000 11000 64 1392 812:
;
5 11 X 0 subckt;
9 dcsfq;
DS 0 1 1;
(SymbolCall ind1);
5 10 7 0 -5000 -4000 LP7_0 0 0 0 ?;
5 10 1 1 -1000 -4000 LP7_1 0 0 0 ?;
5 15 -5000 -3000 1 0;
5 2 0.69pH;
5 11 LP 7;
1 Bound -5000 -4000 -1000 -2750;
( Rotate 90 );
9 ind1;
C 0 R 0 1 T 4000 -5000;
(SymbolCall ind1);
5 10 4 0 -15000 10000 LP1_0 0 0 0 ?;
5 10 10 1 -11000 10000 LP1_1 0 0 0 ?;
5 15 -15000 11000 1 0;
5 2 1.29pH;
5 11 LP 1;
1 Bound -15000 10000 -11000 11250;
( Rotate 90 );
9 ind1;
C 0 R 0 1 T -6000 9000;
(SymbolCall ind1);
5 10 5 0 -1000 -14000 LP8_0 0 0 0 ?;
5 10 0 1 -1000 -18000 LP8_1 0 0 0 ?;
5 15 -2000 -14000 0 -1;
5 2 0.18pH;
5 11 LP 8;
1 Bound -2250 -18000 -1000 -14000;
( Rotate 180 );
9 ind1;
C 0 MY R -1 0 T 0 -23000;
(SymbolCall ind1);
5 10 3 0 -1000 4000 LP4_0 0 0 0 ?;
5 10 1 1 -1000 0 LP4_1 0 0 0 ?;
5 15 -2000 4000 0 -1;
5 2 0.21pH;
5 11 LP 4;
1 Bound -2250 0 -1000 4000;
( Rotate 180 );
9 ind1;
C 0 MY R -1 0 T 0 -5000;
(SymbolCall ind1);
5 10 2 0 6000 10000 LP3_0 0 0 0 ?;
5 10 9 1 10000 10000 LP3_1 0 0 0 ?;
5 15 6000 11000 1 0;
5 2 1.74pH;
5 11 LP 3;
1 Bound 6000 10000 10000 11250;
( Rotate 90 );
9 ind1;
C 0 R 0 1 T 15000 9000;
(SymbolCall ind1);
5 10 11 0 3000 14000 LP0_0 0 0 0 ?;
5 10 2 1 3000 10000 LP0_1 0 0 0 ?;
5 15 4000 14000 0 -1;
5 2 0.08pH;
5 11 LP 0;
1 Bound 3000 10000 4250 14000;
9 ind1;
C 0 T 2000 5000;
(SymbolCall ind1);
5 10 4 0 -15000 0 LP5_0 0 0 0 ?;
5 10 6 1 -15000 -4000 LP5_1 0 0 0 ?;
5 15 -16000 0 0 -1;
5 11 LP 5;
5 2 1.27pH;
1 Bound -16250 -4000 -15000 0;
( Rotate 180 );
9 ind1;
C 0 MY R -1 0 T -14000 -9000;
(SymbolCall ind1);
5 10 8 0 10000 0 LP6_0 0 0 0 ?;
5 10 0 1 10000 -4000 LP6_1 0 0 0 ?;
5 15 9000 0 0 -1;
5 2 0.13pH;
5 11 LP 6;
1 Bound 8750 -4000 10000 0;
( Rotate 180 );
9 ind1;
C 0 MY R -1 0 T 11000 -9000;
(SymbolCall ind1);
5 10 3 0 -1000 10000 LP2_0 0 0 0 ?;
5 10 2 1 3000 10000 LP2_1 0 0 0 ?;
5 15 -1000 11000 1 0;
5 11 LP 2;
5 2 1.13pH;
1 Bound -1000 10000 3000 11250;
( Rotate 90 );
9 ind1;
C 0 R 0 1 T 8000 9000;
(SymbolCall gnd);
5 10 0 0 10000 -4000;
1 Bound 9000 -6600 11000 -4000;
9 gnd;
C 0 T 9000 -5000;
(SymbolCall gnd);
5 10 0 0 -1000 -18000;
1 Bound -2000 -20600 0 -18000;
9 gnd;
C 0 T -2000 -19000;
(SymbolCall gnd);
5 10 0 0 -15000 -14000;
1 Bound -16000 -16600 -14000 -14000;
9 gnd;
C 0 T -16000 -15000;
(SymbolCall jj);
5 10 15 2 9000 8000;
5 10 8 1 10000 0 B1- 0 0 0 ?;
5 10 9 0 10000 10000 B1+ 0 0 0 ?;
5 3 area=.25;
5 1 jjr;
5 11 B 1;
1 Bound 8500 0 11500 10000;
9 jj;
C 0 T 9000 0;
(SymbolCall jj);
5 10 17 2 -9000 9000;
5 10 3 1 -1000 10000 B0- 0 0 0 ?;
5 10 10 0 -11000 10000 B0+ 0 0 0 ?;
5 3 area=.17;
5 1 jjr;
5 11 B 0;
1 Bound -11000 8500 -1000 11500;
( Rotate 90 );
9 jj;
C 0 R 0 1 T -1000 9000;
(SymbolCall jj);
5 10 12 2 -2000 -6000;
5 10 5 1 -1000 -14000 B3- 0 0 0 ?;
5 10 1 0 -1000 -4000 B3+ 0 0 0 ?;
5 3 area=.17;
5 1 jjr;
5 11 B 3;
1 Bound -2500 -14000 500 -4000;
9 jj;
C 0 T -2000 -14000;
(SymbolCall jj);
5 10 13 2 -13000 -5000;
5 10 7 1 -5000 -4000 B2- 0 0 0 ?;
5 10 6 0 -15000 -4000 B2+ 0 0 0 ?;
5 11 B 2;
5 3 area=.15;
5 1 jjr;
1 Bound -15000 -5500 -5000 -2500;
( Rotate 90 );
9 jj;
C 0 R 0 1 T -5000 -5000;
(SymbolCall ind2);
5 10 9 0 10000 10000 LT0_0 0 0 0 ?;
5 10 16 1 18000 10000 LT0_1 0 0 0 ?;
5 15 11000 11000 1 0;
5 2 2.11pH;
5 11 LT 0;
1 Bound 10000 10000 18000 11250;
( Rotate 90 );
9 ind2;
C 0 R 0 1 T 20000 9000;
(SymbolCall ind2);
5 10 14 0 -23000 0 LT1_0 0 0 0 ?;
5 10 4 1 -15000 0 LT1_1 0 0 0 ?;
5 15 -22000 1000 1 0;
5 2 3.38pH;
5 11 LT 1;
1 Bound -23000 0 -15000 1250;
( Rotate 90 );
9 ind2;
C 0 R 0 1 T -13000 -1000;
(SymbolCall ind);
5 10 0 1 -15000 -14000 L0- 0 0 0 ?;
5 10 6 0 -15000 -4000 L0+ 0 0 0 ?;
5 15 -16000 -5000 0 -1;
5 2 3.58pH;
5 11 L 0;
1 Bound -16500 -14000 -15000 -4000;
( Rotate 180 );
9 ind;
C 0 MY R -1 0 T -14000 -14000;
(SymbolCall res);
5 10 11 1 3000 14000 R0- 0 0 0 ?;
5 10 18 0 3000 24000 R0+ 0 0 0 ?;
5 15 2000 23000 0 -1 "<v>/<value>O";
5 2 27;
5 11 R 0;
1 Bound 1750 14000 4000 24000;
9 res;
C 0 T 3000 24000;
L SCED;
5 10 4 0 0 0;
W2 0 -15000 10000 -15000 0;
5 10 3 0 0 0;
W2 0 -1000 10000 -1000 4000;
5 10 2 0 0 0;
W2 0 3000 10000 6000 10000;
5 10 1 0 0 0;
W2 0 -1000 0 -1000 -4000;
L ETC1;
94 <<0.37mA>> -2000 15000 0 3845 1223;
L NAME;
5 16 R 0 11;
94 <<R0>> 1500 19000 64 1275 1000;
5 16 LP 0 11;
94 <<LP0>> 2750 13000 64 1875 1000;
5 16 B 0 11;
94 <<B0>> -10750 11750 0 1275 1000;
5 16 LP 1 11;
94 <<LP1>> -14750 11500 0 1650 1000;
5 16 LP 2 11;
94 <<LP2>> -1750 11500 0 1875 1000;
5 16 LP 3 11;
94 <<LP3>> 6250 11500 0 1875 1000;
5 16 LT 0 11;
94 <<LT0>> 10250 11500 0 1875 1000;
5 16 B 1 11;
94 <<B1>> 8250 5000 64 1050 1000;
5 16 LP 4 11;
94 <<LP4>> -2500 2000 64 1875 1000;
5 16 LT 1 11;
94 <<LT1>> -22750 1500 0 1650 1000;
5 16 LP 6 11;
94 <<LP6>> 8500 -2000 64 1875 1000;
5 16 B 2 11;
94 <<B2>> -12750 -2250 0 1275 1000;
5 16 LP 7 11;
94 <<LP7>> -4750 -2500 0 1875 1000;
5 16 LP 5 11;
94 <<LP5>> -17500 -3000 64 1875 1000;
5 16 L 0 11;
94 <<L0>> -16750 -9000 64 1275 1000;
5 16 B 3 11;
94 <<B3>> -2750 -9000 64 1275 1000;
5 16 LP 8 11;
94 <<LP8>> -2500 -16000 64 1875 1000;
L MODL;
5 16 B 0 1;
94 <<jjr>> -1250 7250 64 1725 1000;
5 16 B 1 1;
94 <<jjr>> 11750 5250 0 1725 1000;
5 16 B 2 1;
94 <<jjr>> -5250 -6750 64 1725 1000;
5 16 B 3 1;
94 <<jjr>> 750 -8750 0 1725 1000;
L VALU;
5 16 R 0 2;
94 <<27>> 4250 19250 0 1275 1000;
5 16 LP 0 2;
94 <<0.08pH>> 4500 13250 0 3300 1000;
5 16 LP 1 2;
94 <<1.29pH>> -11250 8750 64 3075 1000;
5 16 LP 2 2;
94 <<1.13pH>> 2750 8750 64 2850 1000;
5 16 LP 3 2;
94 <<1.74pH>> 9750 8750 64 3075 1000;
5 16 LT 0 2;
94 <<2.11pH>> 17750 8750 64 2850 1000;
5 16 LP 4 2;
94 <<0.21pH>> -750 2250 0 3075 1000;
5 16 LT 1 2;
94 <<3.38pH>> -16250 1750 64 3300 1000;
5 16 LP 6 2;
94 <<0.13pH>> 10250 -1750 0 3075 1000;
5 16 LP 5 2;
94 <<1.27pH>> -19750 -3750 0 3075 1000;
5 16 LP 7 2;
94 <<0.69pH>> -1250 -5250 64 3300 1000;
5 16 L 0 2;
94 <<3.58pH>> -14750 -8750 0 3300 1000;
5 16 LP 8 2;
94 <<0.18pH>> -750 -15750 0 3075 1000;
L PARM;
5 16 B 0 3;
94 <<area=.17>> -10750 6250 0 4200 1000;
5 16 B 1 3;
94 <<area=.25>> 11750 3750 0 4425 1000;
5 16 B 2 3;
94 <<area=.15>> -11750 -6750 0 4200 1000;
5 16 B 3 3;
94 <<area=.17>> 750 -10250 0 4200 1000;
DF;
E
