(Symbol dff);
($Id:$);
(xic 3.2.2 FreeBSD7 12/17/2009 05:23 GMT);
(PHYSICAL);
(RESOLUTION 1000);
( CREATED 12/17/2009 5:23:3, MODIFIED 12/17/2009 5:23:3 );
9 dff;
DS 0 1 1;
DF;
E
(ELECTRICAL);
(RESOLUTION 1000);
5 10 11 3 0:-2000 25000:22000 vbias 0 0 0 ?;
5 10 12 2 10000:-7000 26000:16000 clk 0 0 0 ?;
5 10 7 1 18000:2000 8000:19000 out 0 0 0 ?;
5 10 8 0 -18000:-7000 8000:19000 in 0 0 0 ?;
5 18 1
  L SCED:
  W 0 -2000 22000 -2000 21000:
  W 0 -7000 19000 -6000 19000:
  W 0 1000 19000 2000 19000:
  W 0 -7000 16000 -6000 16000:
  L ETC1:
  B 7000 7000 -2500 17500:
  L ETC2:
  94 <<DFF>> -5000 17000 0 4128 2311:
  L VALU:
  94 <<vbias>> -4000 20000 0 2643 1000:
  94 <<in>> -6000 19000 0 929 1000:
  94 <<out>> -1000 19000 0 1715 1000:
  94 <<clk>> -6000 16000 0 1667 1111:
;
5 11 X 0 subckt;
9 dff;
DS 0 1 1;
(SymbolCall res);
5 10 1 1 0 15000 R0- 0 0 0 ?;
5 10 11 0 0 25000 R0+ 0 0 0 ?;
5 15 -1000 24000 0 -1 "<v>/<value>O";
5 2 59;
5 11 R 0;
1 Bound -1250 15000 1000 25000;
9 res;
C 0 T 0 25000;
(SymbolCall ind);
5 10 2 1 10000 8000 L0- 0 0 0 ?;
5 10 1 0 0 8000 L0+ 0 0 0 ?;
5 15 1000 9000 1 0;
5 2 8.46pH;
5 11 L 0;
1 Bound 0 8000 10000 9500;
( Rotate 90 );
9 ind;
C 0 R 0 1 T 10000 7000;
(SymbolCall jj);
5 10 9 2 -8000 7000;
5 10 1 1 0 8000 B1- 0 0 0 ?;
5 10 3 0 -10000 8000 B1+ 0 0 0 ?;
5 3 area=.245;
5 1 jjr;
5 11 B 1;
1 Bound -10000 6500 0 9500;
( Rotate 90 );
9 jj;
C 0 R 0 1 T 0 7000;
(SymbolCall jj);
5 10 6 2 -1000 6000;
5 10 0 1 0 -2000 B2- 0 0 0 ?;
5 10 1 0 0 8000 B2+ 0 0 0 ?;
5 3 area=.245;
5 1 jjr;
5 11 B 2;
1 Bound -1500 -2000 1500 8000;
9 jj;
C 0 T -1000 -2000;
(SymbolCall jj);
5 10 5 2 9000 6000;
5 10 0 1 10000 -2000 B3- 0 0 0 ?;
5 10 2 0 10000 8000 B3+ 0 0 0 ?;
5 3 area=.27;
5 1 jjr;
5 11 B 3;
1 Bound 8500 -2000 11500 8000;
9 jj;
C 0 T 9000 -2000;
(SymbolCall jj);
5 10 10 2 9000 16000;
5 10 2 1 10000 8000 B0- 0 0 0 ?;
5 10 4 0 10000 18000 B0+ 0 0 0 ?;
5 3 area=.27;
5 1 jjr;
5 11 B 0;
1 Bound 8500 8000 11500 18000;
9 jj;
C 0 T 9000 8000;
(SymbolCall ind2);
5 10 12 0 10000 26000 LT0_0 0 0 0 ?;
5 10 4 1 10000 18000 LT0_1 0 0 0 ?;
5 15 11000 25000 0 -1;
5 2 1.58pH;
5 11 LT 0;
1 Bound 10000 18000 11250 26000;
9 ind2;
C 0 T 9000 16000;
(SymbolCall ind2);
5 10 8 0 -18000 8000 LT1_0 0 0 0 ?;
5 10 3 1 -10000 8000 LT1_1 0 0 0 ?;
5 15 -17000 9000 1 0;
5 2 2.76pH;
5 11 LT 1;
1 Bound -18000 8000 -10000 9250;
( Rotate 90 );
9 ind2;
C 0 R 0 1 T -8000 7000;
(SymbolCall ind2);
5 10 2 0 10000 8000 LT2_0 0 0 0 ?;
5 10 7 1 18000 8000 LT2_1 0 0 0 ?;
5 15 11000 9000 1 0;
5 2 3.16pH;
5 11 LT 2;
1 Bound 10000 8000 18000 9250;
( Rotate 90 );
9 ind2;
C 0 R 0 1 T 20000 7000;
(SymbolCall gnd);
5 10 0 0 0 -2000;
1 Bound -1000 -4600 1000 -2000;
9 gnd;
C 0 T -1000 -3000;
(SymbolCall gnd);
5 10 0 0 10000 -2000;
1 Bound 9000 -4600 11000 -2000;
9 gnd;
C 0 T 9000 -3000;
L SCED;
5 10 1 0 0 0;
W2 0 0 8000 0 15000;
L ETC1;
94 <<Clk>> 7000 24000 0 2352 1568;
94 <<.17mA>> -4000 13000 0 3696 1568;
94 <<Out>> 16000 9000 0 2688 1568;
94 <<In>> -17000 6000 0 1456 1568;
L NAME;
5 16 LT 0 11;
94 <<LT0>> 9750 22000 64 1875 1000;
5 16 R 0 11;
94 <<R0>> -1500 20000 64 1275 1000;
5 16 B 0 11;
94 <<B0>> 8250 13000 64 1275 1000;
5 16 B 1 11;
94 <<B1>> -9750 9750 0 1050 1000;
5 16 L 0 11;
94 <<L0>> 250 9750 0 1275 1000;
5 16 LT 1 11;
94 <<LT1>> -17750 9500 0 1650 1000;
5 16 LT 2 11;
94 <<LT2>> 10250 9500 0 1875 1000;
5 16 B 2 11;
94 <<B2>> -1750 3000 64 1275 1000;
5 16 B 3 11;
94 <<B3>> 8250 3000 64 1275 1000;
L MODL;
5 16 B 0 1;
94 <<jjr>> 11750 13250 0 1725 1000;
5 16 B 1 1;
94 <<jjr>> -250 5250 64 1725 1000;
5 16 B 2 1;
94 <<jjr>> 1750 3250 0 1725 1000;
5 16 B 3 1;
94 <<jjr>> 11750 3250 0 1725 1000;
L VALU;
5 16 LT 0 2;
94 <<1.58pH>> 11500 22250 0 3075 1000;
5 16 R 0 2;
94 <<59>> 1250 20250 0 1275 1000;
5 16 LT 1 2;
94 <<2.76pH>> -10250 6750 64 3300 1000;
5 16 L 0 2;
94 <<8.46pH>> 9750 6750 64 3300 1000;
5 16 LT 2 2;
94 <<3.16pH>> 17750 6750 64 3075 1000;
L PARM;
5 16 B 0 3;
94 <<area=.27>> 11750 11750 0 4425 1000;
5 16 B 1 3;
94 <<area=.245>> -9750 4250 0 5025 1000;
5 16 B 2 3;
94 <<area=.245>> 1750 1750 0 5025 1000;
5 16 B 3 3;
94 <<area=.27>> 11750 1750 0 4425 1000;
DF;
E
