(Symbol dff_il);
($Id:$);
(xic 3.2.2 FreeBSD7 12/17/2009 19:23 GMT);
(PHYSICAL);
(RESOLUTION 1000);
( CREATED 12/17/2009 19:23:41, MODIFIED 12/17/2009 19:23:41 );
9 dff_il;
DS 0 1 1;
DF;
E
(ELECTRICAL);
(RESOLUTION 1000);
5 10 3 3 -3000:-1000 26000:6000 vbias 0 0 0 ?;
5 10 19 2 5000:-6000 23000:0 clk 0 0 0 ?;
5 10 15 1 29000:4000 5000:3000 out 0 0 0 ?;
5 10 16 0 -29000:-6000 5000:3000 in 0 0 0 ?;
5 18 1
  L SCED:
  W 0 -1000 6000 -1000 5000:
  W 0 -5000 3000 -6000 3000:
  W 0 3000 3000 4000 3000:
  W 0 -5000 0 -6000 0:
  L ETC1:
  B 8000 7000 -1000 1500:
  L ETC2:
  94 <<DFF>> -3000 0 0 3975 2226:
  L MODL:
  94 <<IL>> 2000 -2000 0 978 1053:
  L VALU:
  94 <<vbias>> -3000 4000 0 2980 1128:
  94 <<in>> -5000 2000 0 1356 1460:
  94 <<out>> 0 2000 0 2504 1460:
  94 <<clk>> -5000 -1000 0 1952 1301:
;
5 11 X 0 subckt;
9 dff_il;
DS 0 1 1;
(SymbolCall res);
5 10 1 1 13000 10000 R1- 0 0 0 ?;
5 10 3 0 13000 20000 R1+ 0 0 0 ?;
5 15 12000 19000 0 -1 "<v>/<value>O";
5 2 74;
5 11 R 1;
1 Bound 11750 10000 14000 20000;
9 res;
C 0 T 13000 20000;
(SymbolCall res);
5 10 2 1 -3000 10000 R0- 0 0 0 ?;
5 10 3 0 -3000 20000 R0+ 0 0 0 ?;
5 15 -4000 19000 0 -1 "<v>/<value>O";
5 2 43;
5 11 R 0;
1 Bound -4250 10000 -2000 20000;
9 res;
C 0 T -3000 20000;
(SymbolCall gnd);
5 10 0 0 21000 -9000;
1 Bound 20000 -11600 22000 -9000;
9 gnd;
C 0 T 20000 -10000;
(SymbolCall gnd);
5 10 0 0 -11000 -9000;
1 Bound -12000 -11600 -10000 -9000;
9 gnd;
C 0 T -12000 -10000;
(SymbolCall gnd);
5 10 0 0 5000 -9000;
1 Bound 4000 -11600 6000 -9000;
9 gnd;
C 0 T 4000 -10000;
(SymbolCall ind1);
5 10 4 0 21000 -5000 LP2_0 0 0 0 ?;
5 10 0 1 21000 -9000 LP2_1 0 0 0 ?;
5 15 22000 -5000 0 -1;
5 2 0.26pH;
5 11 LP 2;
1 Bound 21000 -9000 22250 -5000;
9 ind1;
C 0 T 20000 -14000;
(SymbolCall ind1);
5 10 6 0 -11000 -5000 LP0_0 0 0 0 ?;
5 10 0 1 -11000 -9000 LP0_1 0 0 0 ?;
5 15 -10000 -5000 0 -1;
5 2 0.22pH;
5 11 LP 0;
1 Bound -11000 -9000 -9750 -5000;
9 ind1;
C 0 T -12000 -14000;
(SymbolCall ind1);
5 10 5 0 5000 -5000 LP1_0 0 0 0 ?;
5 10 0 1 5000 -9000 LP1_1 0 0 0 ?;
5 15 6000 -5000 0 -1;
5 2 0.50pH;
5 11 LP 1;
1 Bound 5000 -9000 6250 -5000;
9 ind1;
C 0 T 4000 -14000;
(SymbolCall jj);
5 10 12 2 20000 3000;
5 10 4 1 21000 -5000 B4- 0 0 0 ?;
5 10 7 0 21000 5000 B4+ 0 0 0 ?;
5 3 area=.20;
5 1 jjr;
5 11 B 4;
1 Bound 19500 -5000 22500 5000;
9 jj;
C 0 T 20000 -5000;
(SymbolCall jj);
5 10 14 2 -12000 3000;
5 10 6 1 -11000 -5000 B2- 0 0 0 ?;
5 10 9 0 -11000 5000 B2+ 0 0 0 ?;
5 3 area=.20;
5 11 B 2;
5 1 jjr;
1 Bound -12500 -5000 -9500 5000;
9 jj;
C 0 T -12000 -5000;
(SymbolCall jj);
5 10 18 2 4000 13000;
5 10 8 1 5000 5000 B0- 0 0 0 ?;
5 10 11 0 5000 15000 B0+ 0 0 0 ?;
5 3 area=.15;
5 1 jjr;
5 11 B 0;
1 Bound 3500 5000 6500 15000;
9 jj;
C 0 T 4000 5000;
(SymbolCall jj);
5 10 13 2 4000 3000;
5 10 5 1 5000 -5000 B3- 0 0 0 ?;
5 10 8 0 5000 5000 B3+ 0 0 0 ?;
5 3 area=.25;
5 1 jjr;
5 11 B 3;
1 Bound 3500 -5000 6500 5000;
9 jj;
C 0 T 4000 -5000;
(SymbolCall jj);
5 10 17 2 -19000 4000;
5 10 9 1 -11000 5000 B1- 0 0 0 ?;
5 10 10 0 -21000 5000 B1+ 0 0 0 ?;
5 3 area=.175;
5 11 B 1;
5 1 jjr;
1 Bound -21000 3500 -11000 6500;
( Rotate 90 );
9 jj;
C 0 R 0 1 T -11000 4000;
(SymbolCall ind2);
5 10 19 0 5000 23000 LT0_0 0 0 0 ?;
5 10 11 1 5000 15000 LT0_1 0 0 0 ?;
5 15 6000 22000 0 -1;
5 2 2.31pH;
5 11 LT 0;
1 Bound 5000 15000 6250 23000;
9 ind2;
C 0 T 4000 13000;
(SymbolCall ind2);
5 10 2 0 -3000 5000 LT3_0 0 0 0 ?;
5 10 8 1 5000 5000 LT3_1 0 0 0 ?;
5 15 -2000 6000 1 0;
5 2 5.48pH;
5 11 LT 3;
1 Bound -3000 5000 5000 6250;
( Rotate 90 );
9 ind2;
C 0 R 0 1 T 7000 4000;
(SymbolCall ind2);
5 10 8 0 5000 5000 LT4_0 0 0 0 ?;
5 10 1 1 13000 5000 LT4_1 0 0 0 ?;
5 15 6000 6000 1 0;
5 2 2.62pH;
5 11 LT 4;
1 Bound 5000 5000 13000 6250;
( Rotate 90 );
9 ind2;
C 0 R 0 1 T 15000 4000;
(SymbolCall ind2);
5 10 1 0 13000 5000 LT5_0 0 0 0 ?;
5 10 7 1 21000 5000 LT5_1 0 0 0 ?;
5 15 14000 6000 1 0;
5 2 1.24pH;
5 11 LT 5;
1 Bound 13000 5000 21000 6250;
( Rotate 90 );
9 ind2;
C 0 R 0 1 T 23000 4000;
(SymbolCall ind2);
5 10 7 0 21000 5000 LT6_0 0 0 0 ?;
5 10 15 1 29000 5000 LT6_1 0 0 0 ?;
5 15 22000 6000 1 0;
5 2 2.02pH;
5 11 LT 6;
1 Bound 21000 5000 29000 6250;
( Rotate 90 );
9 ind2;
C 0 R 0 1 T 31000 4000;
(SymbolCall ind2);
5 10 16 0 -29000 5000 LT1_0 0 0 0 ?;
5 10 10 1 -21000 5000 LT1_1 0 0 0 ?;
5 15 -28000 6000 1 0;
5 2 2.50pH;
5 11 LT 1;
1 Bound -29000 5000 -21000 6250;
( Rotate 90 );
9 ind2;
C 0 R 0 1 T -19000 4000;
(SymbolCall ind2);
5 10 9 0 -11000 5000 LT2_0 0 0 0 ?;
5 10 2 1 -3000 5000 LT2_1 0 0 0 ?;
5 15 -10000 6000 1 0;
5 2 1.59pH;
5 11 LT 2;
1 Bound -11000 5000 -3000 6250;
( Rotate 90 );
9 ind2;
C 0 R 0 1 T -1000 4000;
L SCED;
5 10 3 0 0 0;
W2 0 13000 20000 13000 26000 -3000 26000 -3000 20000;
5 10 2 0 0 0;
W2 0 -3000 5000 -3000 10000;
5 10 1 0 0 0;
W2 0 13000 5000 13000 10000;
L ETC1;
94 <<0.23mA>> -7000 8000 0 3528 1123;
94 <<0.135mA>> 14000 8000 0 3929 1123;
L ETC2;
94 <<Ilmenau values>> -23000 11000 0 16059 2226;
L NAME;
5 16 LT 0 11;
94 <<LT0>> 4750 19000 64 1875 1000;
5 16 R 0 11;
94 <<R0>> -4500 15000 64 1275 1000;
5 16 R 1 11;
94 <<R1>> 11500 15000 64 1050 1000;
5 16 B 0 11;
94 <<B0>> 3250 10000 64 1275 1000;
5 16 B 1 11;
94 <<B1>> -20750 6750 0 1050 1000;
5 16 LT 1 11;
94 <<LT1>> -26750 6500 0 1650 1000;
5 16 LT 2 11;
94 <<LT2>> -10750 6500 0 1875 1000;
5 16 LT 3 11;
94 <<LT3>> -2750 6500 0 1875 1000;
5 16 LT 4 11;
94 <<LT4>> 5250 6500 0 1875 1000;
5 16 LT 5 11;
94 <<LT5>> 13250 6500 0 1875 1000;
5 16 LT 6 11;
94 <<LT6>> 21250 6500 0 1875 1000;
5 16 B 2 11;
94 <<B2>> -12750 0 64 1275 1000;
5 16 B 3 11;
94 <<B3>> 3250 0 64 1275 1000;
5 16 B 4 11;
94 <<B4>> 19250 0 64 1275 1000;
5 16 LP 0 11;
94 <<LP0>> -11250 -7000 64 1875 1000;
5 16 LP 1 11;
94 <<LP1>> 4750 -7000 64 1650 1000;
5 16 LP 2 11;
94 <<LP2>> 20750 -7000 64 1875 1000;
L MODL;
5 16 B 0 1;
94 <<jjr>> 6750 10250 0 1725 1000;
5 16 B 1 1;
94 <<jjr>> -11250 2250 64 1725 1000;
5 16 B 2 1;
94 <<jjr>> -9250 250 0 1725 1000;
5 16 B 3 1;
94 <<jjr>> 6750 250 0 1725 1000;
5 16 B 4 1;
94 <<jjr>> 22750 250 0 1725 1000;
L VALU;
5 16 LT 0 2;
94 <<2.31pH>> 6500 19250 0 3075 1000;
5 16 R 0 2;
94 <<43>> -1750 15250 0 1275 1000;
5 16 R 1 2;
94 <<74>> 14250 15250 0 1275 1000;
5 16 LT 1 2;
94 <<2.50pH>> -23250 3750 64 3300 1000;
5 16 LT 2 2;
94 <<1.59pH>> -3250 3750 64 3075 1000;
5 16 LT 3 2;
94 <<5.48pH>> 4750 3750 64 3300 1000;
5 16 LT 4 2;
94 <<2.62pH>> 12750 3750 64 3300 1000;
5 16 LT 5 2;
94 <<1.24pH>> 20750 3750 64 3075 1000;
5 16 LT 6 2;
94 <<2.02pH>> 27750 3750 64 3300 1000;
5 16 LP 0 2;
94 <<0.22pH>> -9500 -6750 0 3300 1000;
5 16 LP 1 2;
94 <<0.50pH>> 6500 -6750 0 3300 1000;
5 16 LP 2 2;
94 <<0.26pH>> 22500 -6750 0 3300 1000;
L PARM;
5 16 B 0 3;
94 <<area=.15>> 6750 8750 0 4200 1000;
5 16 B 1 3;
94 <<area=.175>> -20750 1250 0 4800 1000;
5 16 B 2 3;
94 <<area=.20>> -9250 -1250 0 4425 1000;
5 16 B 3 3;
94 <<area=.25>> 6750 -1250 0 4425 1000;
5 16 B 4 3;
94 <<area=.20>> 22750 -1250 0 4425 1000;
DF;
E
* Generated by Xic from cell dff_il
B0 11 8 18 jjr area=.15
B1 10 9 17 jjr area=.175
B2 9 6 14 jjr area=.20
B3 8 5 13 jjr area=.25
B4 7 4 12 jjr area=.20
LP0 6 0 0.22pH
LP1 5 0 0.50pH
LP2 4 0 0.26pH
LT0 clk 11 2.31pH
LT1 in 10 2.50pH
LT2 9 2 1.59pH
LT3 2 8 5.48pH
LT4 8 1 2.62pH
LT5 1 7 1.24pH
LT6 7 out 2.02pH
R0 vbias 2 43
R1 vbias 1 74
.model jjr jj(rtype=1, cct=1, icon=10m, vg=2.8m, delv=0.08m,
+ icrit=1m, vshunt=0.5mV cap=1.31p)

