(Symbol dffc);
($Id:$);
(xic 3.2.2 FreeBSD7 12/18/2009 02:29 GMT);
(PHYSICAL);
(RESOLUTION 1000);
( CREATED 12/18/2009 2:29:9, MODIFIED 12/18/2009 2:29:9 );
9 dffc;
DS 0 1 1;
DF;
E
(ELECTRICAL);
(RESOLUTION 1000);
5 10 1 4 20000:-3000 17000:12000 vbias 0 0 0 ?;
5 10 13 3 35000:2000 29000:9000 OUT 0 0 0 ?;
5 10 6 2 45000:2000 -3000:5000 NOUT 0 0 0 ?;
5 10 2 1 25000:-7000 -18000:5000 C 0 0 0 ?;
5 10 5 0 -37000:-7000 -8000:9000 D 0 0 0 ?;
5 11 X 0 subckt;
5 18 1
  L SCED:
  W 0 -3000 12000 -3000 11000:
  W 0 -7000 9000 -6000 9000:
  W 0 1000 9000 2000 9000:
  W 0 -7000 5000 -6000 5000:
  W 0 1000 5000 2000 5000:
  L ETC1:
  B 7000 8000 -2500 7000:
  L ETC2:
  94 <<DFFC>> -5000 6000 0 5735 2433:
  L VALU:
  94 <<vbias>> -4000 10000 0 2479 938:
  94 <<D>> -6000 9000 0 603 938:
  94 <<out>> 1000 9000 64 1608 938:
  94 <<C>> -6000 5000 0 603 938:
  94 <<nout>> 1000 5000 64 2144 938:
;
9 dffc;
DS 0 1 1;
(SymbolCall ind1);
5 10 19 0 14000 -10000 LP10_0 0 0 0 ?;
5 10 8 1 10000 -10000 LP10_1 0 0 0 ?;
5 15 14000 -11000 -1 0;
5 2 0.13pH;
5 11 LP 10;
1 Bound 10000 -11250 14000 -10000;
( Rotate 270 );
9 ind1;
C 0 R 0 -1 T 5000 -9000;
(SymbolCall ind1);
5 10 30 0 22000 29000 LP1_0 0 0 0 ?;
5 10 33 1 22000 33000 LP1_1 0 0 0 ?;
5 15 21000 29000 0 1;
5 2 0.13pH;
5 11 LP 1;
1 Bound 20750 29000 22000 33000;
( Rotate 180 );
9 ind1;
C 0 R -1 0 T 23000 38000;
(SymbolCall ind1);
5 10 14 0 10000 29000 LP3_0 0 0 0 ?;
5 10 29 1 10000 25000 LP3_1 0 0 0 ?;
5 15 11000 29000 0 -1;
5 2 0.13pH;
5 11 LP 3;
1 Bound 10000 25000 11250 29000;
9 ind1;
C 0 T 9000 20000;
(SymbolCall ind1);
5 10 7 0 30000 -3000 LP6_0 0 0 0 ?;
5 10 23 1 30000 -7000 LP6_1 0 0 0 ?;
5 15 31000 -3000 0 -1;
5 2 0.13pH;
5 11 LP 6;
1 Bound 30000 -7000 31250 -3000;
9 ind1;
C 0 T 29000 -12000;
(SymbolCall ind1);
5 10 11 0 -26000 15000 LP5_0 0 0 0 ?;
5 10 27 1 -30000 15000 LP5_1 0 0 0 ?;
5 15 -26000 16000 -1 0;
5 2 0.13pH;
5 11 LP 5;
1 Bound -30000 15000 -26000 16250;
( Rotate 90 );
9 ind1;
C 0 MY R 0 1 T -35000 14000;
(SymbolCall ind1);
5 10 31 0 14000 29000 LP2_0 0 0 0 ?;
5 10 14 1 10000 29000 LP2_1 0 0 0 ?;
5 15 14000 28000 -1 0;
5 2 0.13pH;
5 11 LP 2;
1 Bound 10000 27750 14000 29000;
( Rotate 270 );
9 ind1;
C 0 R 0 -1 T 5000 30000;
(SymbolCall ind1);
5 2 0.13pH;
5 10 3 0 10000 -18000 LP11_0 0 0 0 ?;
5 10 15 1 10000 -22000 LP11_1 0 0 0 ?;
5 15 9000 -18000 0 -1;
5 11 LP 11;
1 Bound 8750 -22000 10000 -18000;
( Rotate 180 );
9 ind1;
C 0 MY R -1 0 T 11000 -27000;
(SymbolCall ind1);
5 10 34 0 14000 33000 LP0_0 0 0 0 ?;
5 10 31 1 14000 29000 LP0_1 0 0 0 ?;
5 15 15000 33000 0 -1;
5 2 0.13pH;
5 11 LP 0;
1 Bound 14000 29000 15250 33000;
9 ind1;
C 0 T 13000 24000;
(SymbolCall ind1);
5 10 22 0 -26000 -8000 LP8_0 0 0 0 ?;
5 10 18 1 -26000 -12000 LP8_1 0 0 0 ?;
5 15 -25000 -8000 0 -1;
5 2 0.13pH;
5 11 LP 8;
1 Bound -26000 -12000 -24750 -8000;
9 ind1;
C 0 T -27000 -17000;
(SymbolCall ind1);
5 10 21 0 -18000 -8000 LP9_0 0 0 0 ?;
5 10 17 1 -18000 -12000 LP9_1 0 0 0 ?;
5 15 -17000 -8000 0 -1;
5 2 0.13pH;
5 11 LP 9;
1 Bound -18000 -12000 -16750 -8000;
9 ind1;
C 0 T -19000 -17000;
(SymbolCall ind1);
5 10 9 0 0 -4000 LP7_0 0 0 0 ?;
5 10 20 1 0 -8000 LP7_1 0 0 0 ?;
5 15 1000 -4000 0 -1;
5 2 0.13pH;
5 11 LP 7;
1 Bound 0 -8000 1250 -4000;
9 ind1;
C 0 T -1000 -13000;
(SymbolCall ind1);
5 10 28 0 0 19000 LP4_0 0 0 0 ?;
5 10 25 1 0 15000 LP4_1 0 0 0 ?;
5 15 1000 19000 0 -1;
5 2 0.13pH;
5 11 LP 4;
1 Bound 0 15000 1250 19000;
9 ind1;
C 0 T -1000 10000;
(SymbolCall ind);
5 10 4 1 -8000 -8000 L1- 0 0 0 ?;
5 10 21 0 -18000 -8000 L1+ 0 0 0 ?;
5 15 -17000 -7000 1 0;
5 2 7.72pH;
5 11 L 1;
1 Bound -18000 -8000 -8000 -6500;
( Rotate 90 );
9 ind;
C 0 R 0 1 T -8000 -9000;
(SymbolCall ind);
5 10 25 1 0 15000 L0- 0 0 0 ?;
5 10 24 0 10000 15000 L0+ 0 0 0 ?;
5 15 9000 14000 -1 0;
5 11 L 0;
5 2 6.62pH;
1 Bound 0 13500 10000 15000;
( Rotate 270 );
9 ind;
C 0 R 0 -1 T 0 16000;
(SymbolCall jj);
5 10 43 2 -32000 16000;
5 10 0 1 -40000 15000 B4- 0 0 0 ?;
5 10 27 0 -30000 15000 B4+ 0 0 0 ?;
5 3 area=.24;
5 1 jjr;
5 11 B 4;
1 Bound -40000 13500 -30000 16500;
( Rotate 270 );
9 jj;
C 0 R 0 -1 T -40000 16000;
(SymbolCall jj);
5 10 46 2 23000 35000;
5 10 0 1 22000 43000 B1- 0 0 0 ?;
5 10 33 0 22000 33000 B1+ 0 0 0 ?;
5 3 area=.32;
5 1 jjr;
5 11 B 1;
1 Bound 20500 33000 23500 43000;
( Rotate 180 );
9 jj;
C 0 R -1 0 T 23000 43000;
(SymbolCall jj);
5 10 40 2 29000 -9000;
5 10 0 1 30000 -17000 B7- 0 0 0 ?;
5 10 23 0 30000 -7000 B7+ 0 0 0 ?;
5 3 area=.29;
5 1 jjr;
5 11 B 7;
1 Bound 28500 -17000 31500 -7000;
9 jj;
C 0 T 29000 -17000;
(SymbolCall jj);
5 10 44 2 9000 23000;
5 10 24 1 10000 15000 B3- 0 0 0 ?;
5 10 29 0 10000 25000 B3+ 0 0 0 ?;
5 3 area=.28;
5 1 jjr;
5 11 B 3;
1 Bound 8500 15000 11500 25000;
9 jj;
C 0 T 9000 15000;
(SymbolCall jj);
5 10 36 2 -19000 -14000;
5 10 0 1 -18000 -22000 B11- 0 0 0 ?;
5 10 17 0 -18000 -12000 B11+ 0 0 0 ?;
5 3 area=.15;
5 1 jjr;
5 11 B 11;
1 Bound -19500 -22000 -16500 -12000;
9 jj;
C 0 T -19000 -22000;
(SymbolCall jj);
5 3 area=.13;
5 10 39 2 -1000 -10000;
5 10 16 1 0 -18000 B8- 0 0 0 ?;
5 10 20 0 0 -8000 B8+ 0 0 0 ?;
5 11 B 8;
5 1 jjr;
1 Bound -1500 -18000 1500 -8000;
9 jj;
C 0 T -1000 -18000;
(SymbolCall jj);
5 10 35 2 9000 -24000;
5 10 0 1 10000 -32000 B12- 0 0 0 ?;
5 10 15 0 10000 -22000 B12+ 0 0 0 ?;
5 3 area=.28;
5 1 jjr;
5 11 B 12;
1 Bound 8500 -32000 11500 -22000;
9 jj;
C 0 T 9000 -32000;
(SymbolCall jj);
5 10 38 2 16000 -11000;
5 10 0 1 24000 -10000 B9- 0 0 0 ?;
5 10 19 0 14000 -10000 B9+ 0 0 0 ?;
5 3 area=.25;
5 1 jjr;
5 11 B 9;
1 Bound 14000 -11500 24000 -8500;
( Rotate 90 );
9 jj;
C 0 R 0 1 T 24000 -11000;
(SymbolCall jj);
5 10 45 2 -1000 27000;
5 10 28 1 0 19000 B2- 0 0 0 ?;
5 10 32 0 0 29000 B2+ 0 0 0 ?;
5 3 area=.14;
5 1 jjr;
5 11 B 2;
1 Bound -1500 19000 1500 29000;
9 jj;
C 0 T -1000 19000;
(SymbolCall jj);
5 10 37 2 -27000 -14000;
5 10 0 1 -26000 -22000 B10- 0 0 0 ?;
5 10 18 0 -26000 -12000 B10+ 0 0 0 ?;
5 3 area=.18;
5 1 jjr;
5 11 B 10;
1 Bound -27500 -22000 -24500 -12000;
9 jj;
C 0 T -27000 -22000;
(SymbolCall jj);
5 10 47 2 15000 35000;
5 10 0 1 14000 43000 B0- 0 0 0 ?;
5 10 34 0 14000 33000 B0+ 0 0 0 ?;
5 3 area=.22;
5 1 jjr;
5 11 B 0;
1 Bound 12500 33000 15500 43000;
( Rotate 180 );
9 jj;
C 0 R -1 0 T 15000 43000;
(SymbolCall jj);
5 10 41 2 -2000 0;
5 10 0 1 -10000 -1000 B6- 0 0 0 ?;
5 10 9 0 0 -1000 B6+ 0 0 0 ?;
5 3 area=.22;
5 11 B 6;
5 1 jjr;
1 Bound -10000 -2500 0 500;
( Rotate 270 );
9 jj;
C 0 R 0 -1 T -10000 0;
(SymbolCall jj);
5 10 42 2 -18000 16000;
5 10 11 1 -26000 15000 B5- 0 0 0 ?;
5 10 26 0 -16000 15000 B5+ 0 0 0 ?;
5 3 area=.19;
5 1 jjr;
5 11 B 5;
1 Bound -26000 13500 -16000 16500;
( Rotate 270 );
9 jj;
C 0 R 0 -1 T -26000 16000;
(SymbolCall gnd);
5 10 0 0 -18000 -22000;
1 Bound -19000 -24600 -17000 -22000;
9 gnd;
C 0 T -19000 -23000;
(SymbolCall gnd);
5 10 0 0 -26000 -22000;
1 Bound -27000 -24600 -25000 -22000;
9 gnd;
C 0 T -27000 -23000;
(SymbolCall gnd);
5 10 0 0 22000 43000;
1 Bound 21000 43000 23000 45600;
( Rotate 180 );
9 gnd;
C 0 R -1 0 T 23000 44000;
(SymbolCall gnd);
5 10 0 0 14000 43000;
1 Bound 13000 43000 15000 45600;
( Rotate 180 );
9 gnd;
C 0 R -1 0 T 15000 44000;
(SymbolCall gnd);
5 10 0 0 10000 -32000;
1 Bound 9000 -34600 11000 -32000;
9 gnd;
C 0 T 9000 -33000;
(SymbolCall gnd);
5 10 0 0 -40000 15000;
1 Bound -42600 14000 -40000 16000;
( Rotate 90 );
9 gnd;
C 0 MY R 0 1 T -41000 14000;
(SymbolCall gnd);
5 10 0 0 24000 -10000;
1 Bound 24000 -11000 26600 -9000;
( Rotate 90 );
9 gnd;
C 0 R 0 1 T 25000 -11000;
(SymbolCall gnd);
5 10 0 0 -10000 -1000;
1 Bound -12600 -2000 -10000 0;
( Rotate 270 );
9 gnd;
C 0 R 0 -1 T -11000 0;
(SymbolCall gnd);
5 10 0 0 30000 -17000;
1 Bound 29000 -19600 31000 -17000;
9 gnd;
C 0 T 29000 -18000;
(SymbolCall res);
5 10 1 1 18000 -28000 R6- 0 0 0 ?;
5 10 2 0 18000 -18000 R6+ 0 0 0 ?;
5 15 17000 -19000 0 -1 "<v>/<value>O";
5 2 56;
5 11 R 6;
1 Bound 16750 -28000 19000 -18000;
9 res;
C 0 T 18000 -18000;
(SymbolCall res);
5 10 5 1 -34000 -8000 R4- 0 0 0 ?;
5 10 1 0 -34000 2000 R4+ 0 0 0 ?;
5 15 -35000 1000 0 -1 "<v>/<value>O";
5 2 56;
5 11 R 4;
1 Bound -35250 -8000 -33000 2000;
9 res;
C 0 T -34000 2000;
(SymbolCall res);
5 10 13 1 30000 29000 R0- 0 0 0 ?;
5 10 1 0 30000 39000 R0+ 0 0 0 ?;
5 15 29000 38000 0 -1 "<v>/<value>O";
5 2 56;
5 11 R 0;
1 Bound 28750 29000 31000 39000;
9 res;
C 0 T 30000 39000;
(SymbolCall res);
5 2 32;
5 10 12 1 -8000 21000 R1- 0 0 0 ?;
5 10 1 0 -8000 31000 R1+ 0 0 0 ?;
5 15 -9000 30000 0 -1 "<v>/<value>O";
5 11 R 1;
1 Bound -9250 21000 -7000 31000;
9 res;
C 0 T -8000 31000;
(SymbolCall res);
5 10 10 1 20000 7000 R2- 0 0 0 ?;
5 10 1 0 20000 17000 R2+ 0 0 0 ?;
5 15 19000 16000 0 -1 "<v>/<value>O";
5 2 58;
5 11 R 2;
1 Bound 18750 7000 21000 17000;
9 res;
C 0 T 20000 17000;
(SymbolCall res);
5 10 6 1 38000 -3000 R3- 0 0 0 ?;
5 10 1 0 38000 7000 R3+ 0 0 0 ?;
5 15 37000 6000 0 -1 "<v>/<value>O";
5 2 56;
5 11 R 3;
1 Bound 36750 -3000 39000 7000;
9 res;
C 0 T 38000 7000;
(SymbolCall res);
5 10 4 1 -8000 -15000 R5- 0 0 0 ?;
5 10 1 0 -8000 -25000 R5+ 0 0 0 ?;
5 15 -7000 -24000 0 1 "<v>/<value>O";
5 2 63;
5 11 R 5;
1 Bound -9000 -25000 -6750 -15000;
( Rotate 180 );
9 res;
C 0 R -1 0 T -8000 -25000;
(SymbolCall ind2);
5 10 3 0 8000 -18000 LT14_0 0 0 0 ?;
5 10 16 1 0 -18000 LT14_1 0 0 0 ?;
5 15 7000 -19000 -1 0;
5 2 6.64pH;
5 11 LT 14;
1 Bound 0 -19250 8000 -18000;
( Rotate 270 );
9 ind2;
C 0 R 0 -1 T -2000 -17000;
(SymbolCall ind2);
5 10 10 0 10000 7000 LT6_0 0 0 0 ?;
5 10 8 1 10000 -1000 LT6_1 0 0 0 ?;
5 15 11000 6000 0 -1;
5 2 1.30pH;
5 11 LT 6;
1 Bound 10000 -1000 11250 7000;
9 ind2;
C 0 T 9000 -3000;
(SymbolCall ind2);
5 10 11 0 -26000 0 LT7_0 0 0 0 ?;
5 10 22 1 -26000 -8000 LT7_1 0 0 0 ?;
5 15 -25000 -1000 0 -1;
5 2 3.84pH;
5 11 LT 7;
1 Bound -26000 -8000 -24750 0;
9 ind2;
C 0 T -27000 -10000;
(SymbolCall ind2);
5 10 4 0 -8000 -8000 LT10_0 0 0 0 ?;
5 10 20 1 0 -8000 LT10_1 0 0 0 ?;
5 15 -7000 -7000 1 0;
5 2 3.82pH;
5 11 LT 10;
1 Bound -8000 -8000 0 -6750;
( Rotate 90 );
9 ind2;
C 0 R 0 1 T 2000 -9000;
(SymbolCall ind2);
5 10 22 0 -26000 -8000 LT11_0 0 0 0 ?;
5 10 5 1 -34000 -8000 LT11_1 0 0 0 ?;
5 15 -27000 -9000 -1 0;
5 2 1.85pH;
5 11 LT 11;
1 Bound -34000 -9250 -26000 -8000;
( Rotate 270 );
9 ind2;
C 0 R 0 -1 T -36000 -7000;
(SymbolCall ind2);
5 10 25 0 0 15000 LT4_0 0 0 0 ?;
5 10 12 1 -8000 15000 LT4_1 0 0 0 ?;
5 15 -1000 14000 -1 0;
5 2 2.18pH;
5 11 LT 4;
1 Bound -8000 13750 0 15000;
( Rotate 270 );
9 ind2;
C 0 R 0 -1 T -10000 16000;
(SymbolCall ind2);
5 10 7 0 30000 -3000 LT8_0 0 0 0 ?;
5 10 6 1 38000 -3000 LT8_1 0 0 0 ?;
5 15 31000 -2000 1 0;
5 2 1.99pH;
5 11 LT 8;
1 Bound 30000 -3000 38000 -1750;
( Rotate 90 );
9 ind2;
C 0 R 0 1 T 40000 -4000;
(SymbolCall ind2);
5 10 7 0 8000 -8000 LT12_0 0 0 0 ?;
5 10 20 1 0 -8000 LT12_1 0 0 0 ?;
5 15 7000 -9000 -1 0;
5 11 LT 12;
5 2 4.22pH;
1 Bound 0 -9250 8000 -8000;
( Rotate 270 );
9 ind2;
C 0 R 0 -1 T -2000 -7000;
(SymbolCall ind2);
5 10 22 0 -26000 -8000 LT9_0 0 0 0 ?;
5 10 21 1 -18000 -8000 LT9_1 0 0 0 ?;
5 15 -25000 -7000 1 0;
5 11 LT 9;
5 2 7.93pH;
1 Bound -26000 -8000 -18000 -6750;
( Rotate 90 );
9 ind2;
C 0 R 0 1 T -16000 -9000;
(SymbolCall ind2);
5 10 2 0 18000 -18000 LT15_0 0 0 0 ?;
5 10 3 1 10000 -18000 LT15_1 0 0 0 ?;
5 15 17000 -19000 -1 0;
5 2 1.91pH;
5 11 LT 15;
1 Bound 10000 -19250 18000 -18000;
( Rotate 270 );
9 ind2;
C 0 R 0 -1 T 8000 -17000;
(SymbolCall ind2);
5 10 13 0 30000 29000 LT2_0 0 0 0 ?;
5 10 30 1 22000 29000 LT2_1 0 0 0 ?;
5 15 29000 28000 -1 0;
5 2 2.25pH;
5 11 LT 2;
1 Bound 22000 27750 30000 29000;
( Rotate 270 );
9 ind2;
C 0 R 0 -1 T 20000 30000;
(SymbolCall ind2);
5 10 8 0 10000 -10000 LT13_0 0 0 0 ?;
5 10 3 1 10000 -18000 LT13_1 0 0 0 ?;
5 15 11000 -11000 0 -1;
5 2 3.83pH;
5 11 LT 13;
1 Bound 10000 -18000 11250 -10000;
9 ind2;
C 0 T 9000 -20000;
(SymbolCall ind2);
5 10 30 0 22000 29000 LT1_0 0 0 0 ?;
5 10 31 1 14000 29000 LT1_1 0 0 0 ?;
5 15 21000 28000 -1 0;
5 11 LT 1;
5 2 3.10pH;
1 Bound 14000 27750 22000 29000;
( Rotate 270 );
9 ind2;
C 0 R 0 -1 T 12000 30000;
(SymbolCall ind2);
5 2 1.42pH;
5 10 32 0 0 29000 LT0_0 0 0 0 ?;
5 10 14 1 8000 29000 LT0_1 0 0 0 ?;
5 15 1000 30000 1 0;
5 11 LT 0;
1 Bound 0 29000 8000 30250;
( Rotate 90 );
9 ind2;
C 0 R 0 1 T 10000 28000;
(SymbolCall ind2);
5 10 12 0 -8000 15000 LT3_0 0 0 0 ?;
5 10 26 1 -16000 15000 LT3_1 0 0 0 ?;
5 15 -9000 14000 -1 0;
5 2 4.92pH;
5 11 LT 3;
1 Bound -16000 13750 -8000 15000;
( Rotate 270 );
9 ind2;
C 0 R 0 -1 T -18000 16000;
(SymbolCall ind2);
5 10 24 0 10000 15000 LT5_0 0 0 0 ?;
5 10 10 1 10000 7000 LT5_1 0 0 0 ?;
5 15 11000 14000 0 -1;
5 2 1.25pH;
5 11 LT 5;
1 Bound 10000 7000 11250 15000;
9 ind2;
C 0 T 9000 5000;
(SymbolCall vcc);
5 10 1 0 18000 -28000;
5 11 @ 6;
1 Bound 17000 -30200 19000 -28000;
9 vcc;
C 0 MY T 18000 -28000;
(SymbolCall vcc);
5 10 1 0 -8000 31000;
5 11 @ 1;
1 Bound -9000 31000 -7000 33200;
9 vcc;
C 0 T -8000 31000;
(SymbolCall vcc);
5 10 1 0 38000 7000;
5 11 @ 3;
1 Bound 37000 7000 39000 9200;
9 vcc;
C 0 T 38000 7000;
(SymbolCall vcc);
5 10 1 0 20000 17000;
5 11 @ 2;
1 Bound 19000 17000 21000 19200;
9 vcc;
C 0 T 20000 17000;
(SymbolCall vcc);
5 10 1 0 30000 39000;
5 11 @ 0;
1 Bound 29000 39000 31000 41200;
9 vcc;
C 0 T 30000 39000;
(SymbolCall vcc);
5 10 1 0 -34000 2000;
5 11 @ 4;
1 Bound -35000 2000 -33000 4200;
9 vcc;
C 0 T -34000 2000;
(SymbolCall vcc);
5 10 1 0 -8000 -25000;
5 11 @ 5;
1 Bound -9000 -27200 -7000 -25000;
9 vcc;
C 0 MY T -8000 -25000;
L SCED;
5 10 14 0 0 0;
W2 0 8000 29000 10000 29000;
5 10 13 0 0 0;
W2 0 30000 29000 35000 29000;
5 10 12 0 0 0;
W2 0 -8000 15000 -8000 21000;
5 10 11 0 0 0;
W2 0 -26000 15000 -26000 0;
5 10 10 0 0 0;
W2 0 10000 7000 20000 7000;
5 10 9 0 0 0;
W2 0 0 -1000 0 -4000;
5 10 8 0 0 0;
W2 0 10000 -1000 10000 -10000;
5 10 7 0 0 0;
W2 0 30000 -3000 8000 -3000 8000 -8000;
5 10 6 0 0 0;
W2 0 38000 -3000 45000 -3000;
5 10 5 0 0 0;
W2 0 -34000 -8000 -37000 -8000;
5 10 4 0 0 0;
W2 0 -8000 -8000 -8000 -15000;
5 10 3 0 0 0;
W2 0 8000 -18000 10000 -18000;
5 10 2 0 0 0;
W2 0 18000 -18000 25000 -18000;
L ETC1;
94 <<0.18mA>> 32000 36000 0 5630 1922;
94 <<0.32mA>> -16000 22000 0 6041 1922;
94 <<0.17mA>> 22000 8000 0 5630 1922;
94 <<0.18mA>> 30000 4000 0 5630 1922;
94 <<0.18mA>> -42000 0 0 5630 1922;
94 <<0.16mA>> -6000 -23000 0 5630 1922;
94 <<0.18mA>> 20000 -25000 0 5630 1922;
L NAME;
5 16 B 0 11;
94 <<B0>> 12250 38000 64 1275 1000;
5 16 B 1 11;
94 <<B1>> 20250 38000 64 1050 1000;
5 16 R 0 11;
94 <<R0>> 28500 34000 64 1275 1000;
5 16 LP 0 11;
94 <<LP0>> 13750 31000 64 1875 1000;
5 16 LP 1 11;
94 <<LP1>> 20500 31000 64 1650 1000;
5 16 LT 0 11;
94 <<LT0>> 250 30500 0 1875 1000;
5 16 LP 2 11;
94 <<LP2>> 10250 29250 0 1875 1000;
5 16 LT 1 11;
94 <<LT1>> 17250 29250 0 1650 1000;
5 16 LT 2 11;
94 <<LT2>> 22250 29250 0 1875 1000;
5 16 LP 3 11;
94 <<LP3>> 9750 27000 64 1875 1000;
5 16 R 1 11;
94 <<R1>> -9500 26000 64 1050 1000;
5 16 B 2 11;
94 <<B2>> -1750 24000 64 1275 1000;
5 16 B 3 11;
94 <<B3>> 8250 20000 64 1275 1000;
5 16 LP 4 11;
94 <<LP4>> -250 17000 64 1875 1000;
5 16 B 4 11;
94 <<B4>> -39750 16750 0 1275 1000;
5 16 B 5 11;
94 <<B5>> -25750 16750 0 1275 1000;
5 16 LP 5 11;
94 <<LP5>> -29750 16500 0 1875 1000;
5 16 LT 3 11;
94 <<LT3>> -15750 15250 0 1875 1000;
5 16 LT 4 11;
94 <<LT4>> -7750 15250 0 1875 1000;
5 16 L 0 11;
94 <<L0>> 2250 15250 0 1275 1000;
5 16 R 2 11;
94 <<R2>> 18500 12000 64 1275 1000;
5 16 LT 5 11;
94 <<LT5>> 9750 11000 64 1875 1000;
5 16 LT 6 11;
94 <<LT6>> 9750 3000 64 1875 1000;
5 16 R 3 11;
94 <<R3>> 36500 2000 64 1275 1000;
5 16 B 6 11;
94 <<B6>> -9750 750 0 1275 1000;
5 16 LT 8 11;
94 <<LT8>> 30250 -1500 0 1875 1000;
5 16 R 4 11;
94 <<R4>> -35500 -3000 64 1275 1000;
5 16 LT 7 11;
94 <<LT7>> -26250 -4000 64 1875 1000;
5 16 LP 6 11;
94 <<LP6>> 29750 -5000 64 1875 1000;
5 16 LT 9 11;
94 <<LT9>> -22750 -5500 0 1875 1000;
5 16 LP 7 11;
94 <<LP7>> -250 -6000 64 1875 1000;
5 16 L 1 11;
94 <<L1>> -17750 -6250 0 1050 1000;
5 16 LT 10 11;
94 <<LT10>> -7750 -6500 0 2250 1000;
5 16 LT 11 11;
94 <<LT11>> -33750 -7750 0 2025 1000;
5 16 LT 12 11;
94 <<LT12>> 4250 -7750 0 2250 1000;
5 16 B 9 11;
94 <<B9>> 14250 -8250 0 1275 1000;
5 16 LP 10 11;
94 <<LP10>> 10250 -9750 0 2250 1000;
5 16 LP 9 11;
94 <<LP9>> -18250 -10000 64 1875 1000;
5 16 LP 8 11;
94 <<LP8>> -27250 -12000 64 1875 1000;
5 16 B 7 11;
94 <<B7>> 28250 -12000 64 1275 1000;
5 16 B 8 11;
94 <<B8>> -1750 -13000 64 1275 1000;
5 16 LT 13 11;
94 <<LT13>> 9750 -14000 64 2250 1000;
5 16 B 10 11;
94 <<B10>> -27750 -17000 64 1650 1000;
5 16 B 11 11;
94 <<B11>> -19750 -17000 64 1425 1000;
5 16 LT 14 11;
94 <<LT14>> 250 -17750 0 2250 1000;
5 16 LT 15 11;
94 <<LT15>> 10250 -17750 0 2250 1000;
5 16 R 5 11;
94 <<R5>> -9250 -20000 64 1275 1000;
5 16 LP 11 11;
94 <<LP11>> 8500 -22000 64 2025 1000;
5 16 R 6 11;
94 <<R6>> 16500 -23000 64 1275 1000;
5 16 B 12 11;
94 <<B12>> 8250 -27000 64 1650 1000;
L MODL;
5 16 B 0 1;
94 <<jjr>> 15750 38250 0 1725 1000;
5 16 B 1 1;
94 <<jjr>> 23750 38250 0 1725 1000;
5 16 B 2 1;
94 <<jjr>> 1750 24250 0 1725 1000;
5 16 B 3 1;
94 <<jjr>> 11750 20250 0 1725 1000;
5 16 B 4 1;
94 <<jjr>> -30250 12250 64 1725 1000;
5 16 B 5 1;
94 <<jjr>> -16250 12250 64 1725 1000;
5 16 B 6 1;
94 <<jjr>> -250 -3750 64 1725 1000;
5 16 B 7 1;
94 <<jjr>> 31750 -11750 0 1725 1000;
5 16 B 8 1;
94 <<jjr>> 1750 -12750 0 1725 1000;
5 16 B 9 1;
94 <<jjr>> 23750 -12750 64 1725 1000;
5 16 B 10 1;
94 <<jjr>> -24250 -16750 0 1725 1000;
5 16 B 11 1;
94 <<jjr>> -16250 -16750 0 1725 1000;
5 16 B 12 1;
94 <<jjr>> 11750 -26750 0 1725 1000;
L VALU;
5 16 R 0 2;
94 <<56>> 31250 34250 0 1275 1000;
5 16 LP 0 2;
94 <<0.13pH>> 10500 32250 0 3075 1000;
5 16 LP 1 2;
94 <<0.13pH>> 22250 31250 0 3075 1000;
5 16 LT 0 2;
94 <<1.42pH>> 6750 27750 64 3075 1000;
5 16 LT 1 2;
94 <<3.10pH>> 21750 26500 64 3075 1000;
5 16 LT 2 2;
94 <<2.25pH>> 29750 26500 64 3300 1000;
5 16 R 1 2;
94 <<32>> -6750 26250 0 1275 1000;
5 16 LP 3 2;
94 <<0.13pH>> 12500 26250 0 3075 1000;
5 16 LP 2 2;
94 <<0.13pH>> 13750 24500 64 3075 1000;
5 16 LP 4 2;
94 <<0.13pH>> 1500 17250 0 3075 1000;
5 16 LP 5 2;
94 <<0.13pH>> -26250 13750 64 3075 1000;
5 16 LT 3 2;
94 <<4.92pH>> -8250 12500 64 3300 1000;
5 16 LT 4 2;
94 <<2.18pH>> -250 12500 64 3075 1000;
5 16 L 0 2;
94 <<6.62pH>> 6750 12250 64 3300 1000;
5 16 R 2 2;
94 <<58>> 21250 12250 0 1275 1000;
5 16 LT 5 2;
94 <<1.25pH>> 11500 11250 0 3075 1000;
5 16 LT 6 2;
94 <<1.30pH>> 11500 3250 0 3075 1000;
5 16 R 3 2;
94 <<56>> 39250 2250 0 1275 1000;
5 16 R 4 2;
94 <<56>> -32750 -2750 0 1275 1000;
5 16 LT 7 2;
94 <<3.84pH>> -24500 -3750 0 3300 1000;
5 16 LT 8 2;
94 <<1.99pH>> 37750 -4250 64 3075 1000;
5 16 LP 7 2;
94 <<0.13pH>> 1500 -5750 0 3075 1000;
5 16 LT 9 2;
94 <<7.93pH>> -20250 -6250 64 3300 1000;
5 16 LP 6 2;
94 <<0.13pH>> 31500 -6750 0 3075 1000;
5 16 LP 10 2;
94 <<0.13pH>> 13750 -7500 64 3075 1000;
5 16 L 1 2;
94 <<7.72pH>> -11250 -9250 64 3300 1000;
5 16 LT 10 2;
94 <<3.82pH>> -3250 -9250 64 3300 1000;
5 16 LT 11 2;
94 <<1.85pH>> -30250 -10500 64 3075 1000;
5 16 LT 12 2;
94 <<4.22pH>> 5750 -10500 64 3300 1000;
5 16 LP 8 2;
94 <<0.13pH>> -25500 -12750 0 3075 1000;
5 16 LP 9 2;
94 <<0.13pH>> -17500 -12750 0 3075 1000;
5 16 LT 13 2;
94 <<3.83pH>> 11500 -14750 0 3300 1000;
5 16 LT 15 2;
94 <<1.91pH>> 16750 -17500 64 2850 1000;
5 16 R 5 2;
94 <<63>> -6500 -19750 0 1275 1000;
5 16 LT 14 2;
94 <<6.64pH>> 4750 -20500 64 3300 1000;
5 16 LP 11 2;
94 <<0.13pH>> 11250 -22750 0 3075 1000;
5 16 R 6 2;
94 <<56>> 19250 -22750 0 1275 1000;
L PARM;
5 16 B 0 3;
94 <<area=.22>> 15750 36750 0 4425 1000;
5 16 B 1 3;
94 <<area=.32>> 23750 36750 0 4425 1000;
5 16 B 2 3;
94 <<area=.14>> 1750 22750 0 4200 1000;
5 16 B 3 3;
94 <<area=.28>> 11750 18750 0 4425 1000;
5 16 B 4 3;
94 <<area=.24>> -39750 11250 0 4425 1000;
5 16 B 5 3;
94 <<area=.19>> -25750 11250 0 4200 1000;
5 16 B 6 3;
94 <<area=.22>> -9750 -4750 0 4425 1000;
5 16 B 7 3;
94 <<area=.29>> 31750 -13250 0 4425 1000;
5 16 B 9 3;
94 <<area=.25>> 14250 -13750 0 4425 1000;
5 16 B 8 3;
94 <<area=.13>> 1750 -14250 0 4200 1000;
5 16 B 10 3;
94 <<area=.18>> -24250 -18250 0 4200 1000;
5 16 B 11 3;
94 <<area=.15>> -16250 -18250 0 4200 1000;
5 16 B 12 3;
94 <<area=.28>> 11750 -28250 0 4425 1000;
L NODE;
5 16 @ 0 11;
94 <<vbias>> 29250 41450 0 2775 1000;
5 16 @ 1 11;
94 <<vbias>> -8750 33450 0 2775 1000;
5 16 @ 2 11;
94 <<vbias>> 19250 19450 0 2775 1000;
5 16 @ 3 11;
94 <<vbias>> 37250 9450 0 2775 1000;
5 16 @ 4 11;
94 <<vbias>> -34750 4450 0 2775 1000;
5 16 @ 5 11;
94 <<vbias>> -8750 -28450 0 2775 1000;
5 16 @ 6 11;
94 <<vbias>> 17250 -31450 0 2775 1000;
DF;
E
