(Symbol merge);
($Id:$);
(xic 3.2.2 FreeBSD7 12/16/2009 05:31 GMT);
(PHYSICAL);
(RESOLUTION 1000);
( CREATED 12/16/2009 5:31:38, MODIFIED 12/16/2009 5:31:38 );
9 merge;
DS 0 1 1;
DF;
E
(ELECTRICAL);
(RESOLUTION 1000);
5 10 18 3 -15000:-17000 13000:1000 vbias 0 0 0 ?;
5 10 16 2 5000:-12000 -1000:-5000 out 0 0 0 ?;
5 10 13 1 -35000:-21000 -15000:-5000 in2 0 0 0 ?;
5 10 19 0 -35000:-21000 13000:-2000 in1 0 0 0 ?;
5 18 1
  L SCED:
  W 0 -17000 1000 -17000 0:
  W 0 -21000 -2000 -20000 -2000:
  W 0 -21000 -5000 -20000 -5000:
  W 0 -13000 -5000 -12000 -5000:
  L ETC1:
  B 7000 7000 -16500 -3500:
  L ETC2:
  94 <<MERGE>> -19000 -4000 0 4510 1540:
  L VALU:
  94 <<vbias>> -18000 -1000 0 2637 998:
  94 <<in1>> -20000 -2000 0 1299 1010:
  94 <<in2>> -20000 -5000 0 1516 1010:
  94 <<out>> -15000 -5000 0 1732 1010:
;
5 11 X 0 subckt;
9 merge;
DS 0 1 1;
(SymbolCall jj);
5 10 12 2 -26000 -17000;
5 10 2 1 -25000 -25000 B4- 0 0 0 ?;
5 10 3 0 -25000 -15000 B4+ 0 0 0 ?;
5 3 area=.25;
5 1 jjr;
5 11 B 4;
1 Bound -26500 -25000 -23500 -15000;
9 jj;
C 0 T -26000 -25000;
(SymbolCall jj);
5 10 15 2 -26000 -3000;
5 10 5 1 -25000 -11000 B2- 0 0 0 ?;
5 10 7 0 -25000 -1000 B2+ 0 0 0 ?;
5 3 area=.224;
5 1 jjr;
5 11 B 2;
1 Bound -26500 -11000 -23500 -1000;
9 jj;
C 0 T -26000 -11000;
(SymbolCall jj);
5 10 17 2 -26000 7000;
5 10 7 1 -25000 -1000 B1- 0 0 0 ?;
5 10 9 0 -25000 9000 B1+ 0 0 0 ?;
5 3 area=.224;
5 1 jjr;
5 11 B 1;
1 Bound -26500 -1000 -23500 9000;
9 jj;
C 0 T -26000 -1000;
(SymbolCall jj);
5 10 20 2 -26000 21000;
5 10 10 1 -25000 13000 B0- 0 0 0 ?;
5 10 11 0 -25000 23000 B0+ 0 0 0 ?;
5 3 area=.25;
5 1 jjr;
5 11 B 0;
1 Bound -26500 13000 -23500 23000;
9 jj;
C 0 T -26000 13000;
(SymbolCall jj);
5 10 14 2 -6000 -3000;
5 10 4 1 -5000 -11000 B3- 0 0 0 ?;
5 10 6 0 -5000 -1000 B3+ 0 0 0 ?;
5 3 area=.25;
5 1 jjr;
5 11 B 3;
1 Bound -6500 -11000 -3500 -1000;
9 jj;
C 0 T -6000 -11000;
(SymbolCall ind1);
5 10 10 0 -25000 13000 LP1_0 0 0 0 ?;
5 10 9 1 -25000 9000 LP1_1 0 0 0 ?;
5 15 -24000 13000 0 -1;
5 2 .66pH;
5 11 LP 1;
1 Bound -25000 9000 -23750 13000;
9 ind1;
C 0 T -26000 4000;
(SymbolCall ind1);
5 10 4 0 -5000 -11000 LP5_0 0 0 0 ?;
5 10 0 1 -5000 -15000 LP5_1 0 0 0 ?;
5 15 -4000 -11000 0 -1;
5 2 .03pH;
5 11 LP 5;
1 Bound -5000 -15000 -3750 -11000;
9 ind1;
C 0 T -6000 -20000;
(SymbolCall ind1);
5 10 8 0 -15000 3000 LP2_0 0 0 0 ?;
5 10 1 1 -15000 -1000 LP2_1 0 0 0 ?;
5 15 -14000 3000 0 -1;
5 2 .13pH;
5 11 LP 2;
1 Bound -15000 -1000 -13750 3000;
9 ind1;
C 0 T -16000 -6000;
(SymbolCall ind1);
5 10 5 0 -25000 -11000 LP4_0 0 0 0 ?;
5 10 3 1 -25000 -15000 LP4_1 0 0 0 ?;
5 15 -24000 -11000 0 -1;
5 2 .66pH;
5 11 LP 4;
1 Bound -25000 -15000 -23750 -11000;
9 ind1;
C 0 T -26000 -20000;
(SymbolCall ind1);
5 10 0 0 -25000 27000 LP0_0 0 0 0 ?;
5 10 11 1 -25000 23000 LP0_1 0 0 0 ?;
5 15 -24000 27000 0 -1;
5 2 .03pH;
5 11 LP 0;
1 Bound -25000 23000 -23750 27000;
9 ind1;
C 0 T -26000 18000;
(SymbolCall ind1);
5 10 2 0 -25000 -25000 LP6_0 0 0 0 ?;
5 10 0 1 -25000 -29000 LP6_1 0 0 0 ?;
5 15 -24000 -25000 0 -1;
5 2 .03pH;
5 11 LP 6;
1 Bound -25000 -29000 -23750 -25000;
9 ind1;
C 0 T -26000 -34000;
(SymbolCall ind1);
5 10 7 0 -25000 -1000 LP3_0 0 0 0 ?;
5 10 1 1 -21000 -1000 LP3_1 0 0 0 ?;
5 15 -25000 0 1 0;
5 2 .2pH;
5 11 LP 3;
1 Bound -25000 -1000 -21000 250;
( Rotate 90 );
9 ind1;
C 0 R 0 1 T -16000 -2000;
(SymbolCall ind);
5 10 3 1 -25000 -15000 L3- 0 0 0 ?;
5 10 13 0 -35000 -15000 L3+ 0 0 0 ?;
5 15 -34000 -14000 1 0;
5 2 2pH;
5 11 L 3;
1 Bound -35000 -15000 -25000 -13500;
( Rotate 90 );
9 ind;
C 0 R 0 1 T -25000 -16000;
(SymbolCall ind);
5 10 10 1 -25000 13000 L0- 0 0 0 ?;
5 10 19 0 -35000 13000 L0+ 0 0 0 ?;
5 15 -34000 14000 1 0;
5 2 2pH;
5 11 L 0;
1 Bound -35000 13000 -25000 14500;
( Rotate 90 );
9 ind;
C 0 R 0 1 T -25000 12000;
(SymbolCall ind);
5 10 6 1 -5000 -1000 L1- 0 0 0 ?;
5 10 1 0 -15000 -1000 L1+ 0 0 0 ?;
5 15 -14000 0 1 0;
5 2 2.6pH;
5 11 L 1;
1 Bound -15000 -1000 -5000 500;
( Rotate 90 );
9 ind;
C 0 R 0 1 T -5000 -2000;
(SymbolCall ind);
5 10 16 1 5000 -1000 L2- 0 0 0 ?;
5 10 6 0 -5000 -1000 L2+ 0 0 0 ?;
5 15 -4000 0 1 0;
5 2 2pH;
5 11 L 2;
1 Bound -5000 -1000 5000 500;
( Rotate 90 );
9 ind;
C 0 R 0 1 T 5000 -2000;
(SymbolCall gnd);
5 10 0 0 -25000 -29000;
1 Bound -26000 -31600 -24000 -29000;
9 gnd;
C 0 T -26000 -30000;
(SymbolCall gnd);
5 10 0 0 -25000 27000;
1 Bound -26000 27000 -24000 29600;
9 gnd;
C 0 MY T -26000 28000;
(SymbolCall gnd);
5 10 0 0 -5000 -15000;
1 Bound -6000 -17600 -4000 -15000;
9 gnd;
C 0 T -6000 -16000;
(SymbolCall res);
5 10 8 1 -15000 3000 R0- 0 0 0 ?;
5 10 18 0 -15000 13000 R0+ 0 0 0 ?;
5 15 -16000 12000 0 -1 "<v>/<value>O";
5 2 20;
5 11 R 0;
1 Bound -16250 3000 -14000 13000;
9 res;
C 0 T -15000 13000;
L SCED;
5 10 1 0 0 0;
W2 0 -21000 -1000 -15000 -1000;
L NAME;
5 16 LP 0 11;
94 <<LP0>> -25250 25000 64 1875 1000;
5 16 B 0 11;
94 <<B0>> -26750 18000 64 1275 1000;
5 16 L 0 11;
94 <<L0>> -34750 14750 0 1275 1000;
5 16 LP 1 11;
94 <<LP1>> -25250 11000 64 1650 1000;
5 16 R 0 11;
94 <<R0>> -16500 8000 64 1275 1000;
5 16 B 1 11;
94 <<B1>> -26750 4000 64 1050 1000;
5 16 LP 2 11;
94 <<LP2>> -15250 1000 64 1875 1000;
5 16 L 1 11;
94 <<L1>> -9750 750 0 1050 1000;
5 16 L 2 11;
94 <<L2>> -4750 750 0 1275 1000;
5 16 LP 3 11;
94 <<LP3>> -24750 500 0 1875 1000;
5 16 B 2 11;
94 <<B2>> -26750 -6000 64 1275 1000;
5 16 B 3 11;
94 <<B3>> -6750 -6000 64 1275 1000;
5 16 LP 4 11;
94 <<LP4>> -25250 -13000 64 1875 1000;
5 16 LP 5 11;
94 <<LP5>> -5250 -13000 64 1875 1000;
5 16 L 3 11;
94 <<L3>> -34750 -13250 0 1275 1000;
5 16 B 4 11;
94 <<B4>> -26750 -20000 64 1275 1000;
5 16 LP 6 11;
94 <<LP6>> -25250 -27000 64 1875 1000;
L MODL;
5 16 B 0 1;
94 <<jjr>> -23250 18250 0 1725 1000;
5 16 B 1 1;
94 <<jjr>> -23250 4250 0 1725 1000;
5 16 B 2 1;
94 <<jjr>> -23250 -5750 0 1725 1000;
5 16 B 3 1;
94 <<jjr>> -3250 -5750 0 1725 1000;
5 16 B 4 1;
94 <<jjr>> -23250 -19750 0 1725 1000;
L VALU;
5 16 LP 0 2;
94 <<.03pH>> -23500 25250 0 2700 1000;
5 16 L 0 2;
94 <<2pH>> -28250 11750 64 1875 1000;
5 16 LP 1 2;
94 <<.66pH>> -23500 11250 0 2700 1000;
5 16 R 0 2;
94 <<20>> -13750 8250 0 1275 1000;
5 16 LP 2 2;
94 <<.13pH>> -13500 1250 0 2475 1000;
5 16 LP 3 2;
94 <<.2pH>> -21250 -2250 64 2100 1000;
5 16 L 1 2;
94 <<2.6pH>> -7250 -2250 64 2700 1000;
5 16 L 2 2;
94 <<2pH>> 4750 -2250 64 1875 1000;
5 16 LP 4 2;
94 <<.66pH>> -23500 -12750 0 2700 1000;
5 16 LP 5 2;
94 <<.03pH>> -3500 -12750 0 2700 1000;
5 16 L 3 2;
94 <<2pH>> -27250 -16250 64 1875 1000;
5 16 LP 6 2;
94 <<.03pH>> -23500 -26750 0 2700 1000;
L PARM;
5 16 B 0 3;
94 <<area=.25>> -23250 16750 0 4425 1000;
5 16 B 1 3;
94 <<area=.224>> -23250 2750 0 5025 1000;
5 16 B 2 3;
94 <<area=.224>> -23250 -7250 0 5025 1000;
5 16 B 3 3;
94 <<area=.25>> -3250 -7250 0 4425 1000;
5 16 B 4 3;
94 <<area=.25>> -23250 -21250 0 4425 1000;
DF;
E
