(Symbol sfqdc_il);
($Id:$);
(xic 3.2.2 FreeBSD7 12/17/2009 19:24 GMT);
(PHYSICAL);
(RESOLUTION 1000);
( CREATED 12/17/2009 19:24:46, MODIFIED 12/17/2009 19:24:46 );
9 sfqdc_il;
DS 0 1 1;
DF;
E
(ELECTRICAL);
(RESOLUTION 1000);
5 10 4 2 -33000:-12000 -20000:-14000 vbias 0 0 0 ?;
5 10 26 1 25000:-7000 -53000:-19000 out 0 0 0 ?;
5 10 35 0 -35000:-16000 10000:-19000 in 0 0 0 ?;
5 18 1
  L SCED:
  W 0 -12000 -15000 -12000 -14000:
  W 0 -16000 -19000 -15000 -19000:
  W 0 -8000 -19000 -7000 -19000:
  L ETC1:
  B 7000 6000 -11500 -18000:
  L ETC2:
  94 <<SFQ-DC>> -14000 -18000 0 5336 1525:
  L MODL:
  94 <<IL>> -9000 -21000 0 927 999:
  L VALU:
  94 <<vbias>> -14000 -16000 0 3566 1349:
  94 <<in>> -15000 -20000 0 1392 1499:
  94 <<out>> -11000 -20000 0 2570 1499:
;
5 11 X 0 subckt;
9 sfqdc_il;
DS 0 1 1;
(SymbolCall ind2);
5 10 11 0 -20000 10000 LT1_0 0 0 0 ?;
5 10 9 1 -12000 10000 LT1_1 0 0 0 ?;
5 15 -19000 11000 1 0;
5 2 0.90pH;
5 11 LT 1;
1 Bound -20000 10000 -12000 11250;
( Rotate 90 );
9 ind2;
C 0 R 0 1 T -10000 9000;
(SymbolCall ind2);
5 10 3 0 1000 -45000 LT12_0 0 0 0 ?;
5 10 14 1 1000 -53000 LT12_1 0 0 0 ?;
5 15 2000 -46000 0 -1;
5 2 0.91pH;
5 11 LT 12;
1 Bound 1000 -53000 2250 -45000;
9 ind2;
C 0 T 0 -55000;
(SymbolCall ind2);
5 10 21 0 1000 -10000 LT9_0 0 0 0 ?;
5 10 5 1 1000 -18000 LT9_1 0 0 0 ?;
5 15 2000 -11000 0 -1;
5 2 0.47pH;
5 11 LT 9;
1 Bound 1000 -18000 2250 -10000;
9 ind2;
C 0 T 0 -20000;
(SymbolCall ind2);
5 10 20 0 9000 -10000 LT7_0 0 0 0 ?;
5 10 19 1 17000 -10000 LT7_1 0 0 0 ?;
5 15 10000 -9000 1 0;
5 2 0.90pH;
5 11 LT 7;
1 Bound 9000 -10000 17000 -8750;
( Rotate 90 );
9 ind2;
C 0 R 0 1 T 19000 -11000;
(SymbolCall ind2);
5 10 21 0 1000 -10000 LT6_0 0 0 0 ?;
5 10 20 1 9000 -10000 LT6_1 0 0 0 ?;
5 15 2000 -9000 1 0;
5 2 1.06pH;
5 11 LT 6;
1 Bound 1000 -10000 9000 -8750;
( Rotate 90 );
9 ind2;
C 0 R 0 1 T 11000 -11000;
(SymbolCall ind2);
5 10 10 0 -10000 0 LT2_0 0 0 0 ?;
5 10 9 1 -2000 0 LT2_1 0 0 0 ?;
5 15 -9000 1000 1 0;
5 2 0.97pH;
5 11 LT 2;
1 Bound -10000 0 -2000 1250;
( Rotate 90 );
9 ind2;
C 0 R 0 1 T 0 -1000;
(SymbolCall ind2);
5 10 14 0 1000 -53000 LT13_0 0 0 0 ?;
5 10 2 1 9000 -53000 LT13_1 0 0 0 ?;
5 15 2000 -52000 1 0;
5 11 LT 13;
5 2 4.86pH;
1 Bound 1000 -53000 9000 -51750;
( Rotate 90 );
9 ind2;
C 0 R 0 1 T 11000 -54000;
(SymbolCall ind2);
5 10 9 0 4000 0 LT3_0 0 0 0 ?;
5 10 8 1 12000 0 LT3_1 0 0 0 ?;
5 15 5000 1000 1 0;
5 2 1.04pH;
5 11 LT 3;
1 Bound 4000 0 12000 1250;
( Rotate 90 );
9 ind2;
C 0 R 0 1 T 14000 -1000;
(SymbolCall ind2);
5 10 1 0 1000 -63000 LT16_0 0 0 0 ?;
5 10 0 1 1000 -71000 LT16_1 0 0 0 ?;
5 15 2000 -64000 0 -1;
5 2 0.22pH;
5 11 LT 16;
1 Bound 1000 -71000 2250 -63000;
9 ind2;
C 0 T 0 -73000;
(SymbolCall ind2);
5 10 15 0 -5000 -45000 LT11_0 0 0 0 ?;
5 10 1 1 -5000 -53000 LT11_1 0 0 0 ?;
5 15 -4000 -46000 0 -1;
5 2 0.91pH;
5 11 LT 11;
1 Bound -5000 -53000 -3750 -45000;
9 ind2;
C 0 T -6000 -55000;
(SymbolCall ind2);
5 10 2 0 9000 -53000 LT14_0 0 0 0 ?;
5 10 13 1 17000 -53000 LT14_1 0 0 0 ?;
5 15 10000 -52000 1 0;
5 2 1.78pH;
5 11 LT 14;
1 Bound 9000 -53000 17000 -51750;
( Rotate 90 );
9 ind2;
C 0 R 0 1 T 19000 -54000;
(SymbolCall ind2);
5 10 7 0 -15000 -10000 LT4_0 0 0 0 ?;
5 10 22 1 -7000 -10000 LT4_1 0 0 0 ?;
5 15 -14000 -9000 1 0;
5 2 1.30pH;
5 11 LT 4;
1 Bound -15000 -10000 -7000 -8750;
( Rotate 90 );
9 ind2;
C 0 R 0 1 T -5000 -11000;
(SymbolCall ind2);
5 10 22 0 -7000 -10000 LT5_0 0 0 0 ?;
5 10 21 1 1000 -10000 LT5_1 0 0 0 ?;
5 15 -6000 -9000 1 0;
5 2 2.07pH;
5 11 LT 5;
1 Bound -7000 -10000 1000 -8750;
( Rotate 90 );
9 ind2;
C 0 R 0 1 T 3000 -11000;
(SymbolCall ind2);
5 10 13 0 17000 -53000 LT15_0 0 0 0 ?;
5 10 26 1 25000 -53000 LT15_1 0 0 0 ?;
5 15 18000 -52000 1 0;
5 2 1.68pH;
5 11 LT 15;
1 Bound 17000 -53000 25000 -51750;
( Rotate 90 );
9 ind2;
C 0 R 0 1 T 27000 -54000;
(SymbolCall ind2);
5 10 22 0 -7000 -10000 LT8_0 0 0 0 ?;
5 10 6 1 -7000 -18000 LT8_1 0 0 0 ?;
5 15 -6000 -11000 0 -1;
5 2 0.81pH;
5 11 LT 8;
1 Bound -7000 -18000 -5750 -10000;
9 ind2;
C 0 T -8000 -20000;
(SymbolCall ind2);
5 10 20 0 9000 -10000 LT10_0 0 0 0 ?;
5 10 18 1 9000 -18000 LT10_1 0 0 0 ?;
5 15 10000 -11000 0 -1;
5 2 0.97pH;
5 11 LT 10;
1 Bound 9000 -18000 10250 -10000;
9 ind2;
C 0 T 8000 -20000;
(SymbolCall ind2);
5 10 35 0 -35000 10000 LT0_0 0 0 0 ?;
5 10 11 1 -27000 10000 LT0_1 0 0 0 ?;
5 15 -34000 11000 1 0;
5 11 LT 0;
5 2 1.75pH;
1 Bound -35000 10000 -27000 11250;
( Rotate 90 );
9 ind2;
C 0 R 0 1 T -25000 9000;
(SymbolCall jj);
5 10 32 2 16000 -2000;
5 10 19 1 17000 -10000 B2- 0 0 0 ?;
5 10 8 0 17000 0 B2+ 0 0 0 ?;
5 3 area=.20;
5 11 B 2;
5 1 jjr;
1 Bound 15500 -10000 18500 0;
9 jj;
C 0 T 16000 -10000;
(SymbolCall jj);
5 10 31 2 -16000 -12000;
5 10 17 1 -15000 -20000 B3- 0 0 0 ?;
5 10 7 0 -15000 -10000 B3+ 0 0 0 ?;
5 3 area=.175;
5 1 jjr;
5 11 B 3;
1 Bound -16500 -20000 -13500 -10000;
9 jj;
C 0 T -16000 -20000;
(SymbolCall jj);
5 10 30 2 16000 -12000;
5 10 16 1 17000 -20000 B4- 0 0 0 ?;
5 10 19 0 17000 -10000 B4+ 0 0 0 ?;
5 3 area=.175;
5 1 jjr;
5 11 B 4;
1 Bound 15500 -20000 18500 -10000;
9 jj;
C 0 T 16000 -20000;
(SymbolCall jj);
5 10 24 2 16000 -55000;
5 10 12 1 17000 -63000 B9- 0 0 0 ?;
5 10 13 0 17000 -53000 B9+ 0 0 0 ?;
5 3 area=.25;
5 1 jjr;
5 11 B 9;
1 Bound 15500 -63000 18500 -53000;
9 jj;
C 0 T 16000 -63000;
(SymbolCall jj);
5 10 27 2 0 -37000;
5 10 3 1 1000 -45000 B7- 0 0 0 ?;
5 10 5 0 1000 -35000 B7+ 0 0 0 ?;
5 3 area=.15;
5 1 jjr;
5 11 B 7;
1 Bound -500 -45000 2500 -35000;
9 jj;
C 0 T 0 -45000;
(SymbolCall jj);
5 10 28 2 8000 -20000;
5 10 0 1 9000 -28000 B6- 0 0 0 ?;
5 10 18 0 9000 -18000 B6+ 0 0 0 ?;
5 3 area=.35;
5 1 jjr;
5 11 B 6;
1 Bound 7500 -28000 10500 -18000;
9 jj;
C 0 T 8000 -28000;
(SymbolCall jj);
5 10 25 2 0 -55000;
5 10 1 1 1000 -63000 B8- 0 0 0 ?;
5 10 14 0 1000 -53000 B8+ 0 0 0 ?;
5 3 area=.20;
5 1 jjr;
5 11 B 8;
1 Bound -500 -63000 2500 -53000;
9 jj;
C 0 T 0 -63000;
(SymbolCall jj);
5 10 29 2 -8000 -20000;
5 10 0 1 -7000 -28000 B5- 0 0 0 ?;
5 10 6 0 -7000 -18000 B5+ 0 0 0 ?;
5 3 area=.275;
5 1 jjr;
5 11 B 5;
1 Bound -8500 -28000 -5500 -18000;
9 jj;
C 0 T -8000 -28000;
(SymbolCall jj);
5 10 34 2 -28000 8000;
5 10 23 1 -27000 0 B0- 0 0 0 ?;
5 10 11 0 -27000 10000 B0+ 0 0 0 ?;
5 3 area=.325;
5 1 jjr;
5 11 B 0;
1 Bound -28500 0 -25500 10000;
9 jj;
C 0 T -28000 0;
(SymbolCall jj);
5 10 33 2 -16000 -2000;
5 10 7 1 -15000 -10000 B1- 0 0 0 ?;
5 10 10 0 -15000 0 B1+ 0 0 0 ?;
5 3 area=.20;
5 11 B 1;
5 1 jjr;
1 Bound -16500 -10000 -13500 0;
9 jj;
C 0 T -16000 -10000;
(SymbolCall ind1);
5 10 23 0 -27000 0 LP0_0 0 0 0 ?;
5 10 0 1 -27000 -4000 LP0_1 0 0 0 ?;
5 15 -26000 0 0 -1;
5 2 0.19pH;
5 11 LP 0;
1 Bound -27000 -4000 -25750 0;
9 ind1;
C 0 T -28000 -9000;
(SymbolCall ind1);
5 10 17 0 -15000 -20000 LP1_0 0 0 0 ?;
5 10 0 1 -15000 -24000 LP1_1 0 0 0 ?;
5 15 -14000 -20000 0 -1;
5 2 0.63pH;
5 11 LP 1;
1 Bound -15000 -24000 -13750 -20000;
9 ind1;
C 0 T -16000 -29000;
(SymbolCall ind1);
5 10 16 0 17000 -20000 LP2_0 0 0 0 ?;
5 10 0 1 17000 -24000 LP2_1 0 0 0 ?;
5 15 18000 -20000 0 -1;
5 2 0.55pH;
5 11 LP 2;
1 Bound 17000 -24000 18250 -20000;
9 ind1;
C 0 T 16000 -29000;
(SymbolCall ind1);
5 10 12 0 17000 -63000 LP3_0 0 0 0 ?;
5 10 0 1 17000 -67000 LP3_1 0 0 0 ?;
5 15 18000 -63000 0 -1;
5 2 0.22pH;
5 11 LP 3;
1 Bound 17000 -67000 18250 -63000;
9 ind1;
C 0 T 16000 -72000;
(SymbolCall gnd);
5 10 0 0 1000 -71000;
1 Bound 0 -73600 2000 -71000;
9 gnd;
C 0 T 0 -72000;
(SymbolCall gnd);
5 10 0 0 -15000 -24000;
1 Bound -16000 -26600 -14000 -24000;
9 gnd;
C 0 T -16000 -25000;
(SymbolCall gnd);
5 10 0 0 -27000 -4000;
1 Bound -28000 -6600 -26000 -4000;
9 gnd;
C 0 T -28000 -5000;
(SymbolCall gnd);
5 10 0 0 17000 -24000;
1 Bound 16000 -26600 18000 -24000;
9 gnd;
C 0 T 16000 -25000;
(SymbolCall gnd);
5 10 0 0 9000 -28000;
1 Bound 8000 -30600 10000 -28000;
9 gnd;
C 0 T 8000 -29000;
(SymbolCall gnd);
5 10 0 0 17000 -67000;
1 Bound 16000 -69600 18000 -67000;
9 gnd;
C 0 T 16000 -68000;
(SymbolCall gnd);
5 10 0 0 -7000 -28000;
1 Bound -8000 -30600 -6000 -28000;
9 gnd;
C 0 T -8000 -29000;
(SymbolCall res);
5 10 3 1 9000 -45000 R4- 0 0 0 ?;
5 10 4 0 9000 -35000 R4+ 0 0 0 ?;
5 15 8000 -36000 0 -1 "<v>/<value>O";
5 2 38;
5 11 R 4;
1 Bound 7750 -45000 10000 -35000;
9 res;
C 0 T 9000 -35000;
(SymbolCall res);
5 10 15 1 -5000 -45000 R3- 0 0 0 ?;
5 10 5 0 -5000 -35000 R3+ 0 0 0 ?;
5 15 -6000 -36000 0 -1 "<v>/<value>O";
5 2 0.34;
5 11 R 3;
1 Bound -6250 -45000 -4000 -35000;
9 res;
C 0 T -5000 -35000;
(SymbolCall res);
5 10 2 1 14000 -45000 R5- 0 0 0 ?;
5 10 4 0 14000 -35000 R5+ 0 0 0 ?;
5 15 13000 -36000 0 -1 "<v>/<value>O";
5 2 71;
5 11 R 5;
1 Bound 12750 -45000 15000 -35000;
9 res;
C 0 T 14000 -35000;
(SymbolCall res);
5 10 4 1 -20000 -20000 R1- 0 0 0 ?;
5 10 7 0 -20000 -10000 R1+ 0 0 0 ?;
5 15 -21000 -11000 0 -1 "<v>/<value>O";
5 2 42;
5 11 R 1;
1 Bound -21250 -20000 -19000 -10000;
9 res;
C 0 T -20000 -10000;
(SymbolCall res);
5 10 4 1 -33000 -5000 R0- 0 0 0 ?;
5 10 11 0 -33000 5000 R0+ 0 0 0 ?;
5 15 -34000 4000 0 -1 "<v>/<value>O";
5 2 36;
5 11 R 0;
1 Bound -34250 -5000 -32000 5000;
9 res;
C 0 T -33000 5000;
(SymbolCall res);
5 10 6 1 -20000 -30000 R2- 0 0 0 ?;
5 10 4 0 -20000 -20000 R2+ 0 0 0 ?;
5 15 -21000 -21000 0 -1 "<v>/<value>O";
5 2 57;
5 11 R 2;
1 Bound -21250 -30000 -19000 -20000;
9 res;
C 0 T -20000 -20000;
L SCED;
5 10 11 0 0 0;
W2 0 -20000 10000 -27000 10000 -33000 5000;
5 10 9 0 0 0;
W2 0 0 0 0 10000 -12000 10000;
5 10 10 0 0 0;
W2 0 -15000 0 -10000 0;
5 10 9 0 0 0;
W2 0 -2000 0 0 0 4000 0;
5 10 8 0 0 0;
W2 0 12000 0 17000 0;
5 10 4 0 0 0;
W2 0 -33000 -5000 -33000 -20000 -24000 -20000 -20000 -20000;
5 10 7 0 0 0;
W2 0 -20000 -10000 -15000 -10000;
5 10 6 0 0 0;
W2 0 -20000 -30000 -11000 -30000 -11000 -18000 -7000 -18000;
5 10 5 0 0 0;
W2 0 -5000 -35000 1000 -35000 1000 -18000;
5 10 4 0 0 0;
W2 0 -24000 -20000 -24000 -33000 9000 -33000 9000 -35000;
5 10 4 0 0 0;
W2 0 14000 -35000 14000 -33000 9000 -33000;
5 10 3 0 0 0;
W2 0 1000 -45000 9000 -45000;
5 10 2 0 0 0;
W2 0 9000 -53000 9000 -47000 14000 -47000 14000 -45000;
5 10 1 0 0 0;
W2 0 -5000 -53000 -5000 -63000 1000 -63000;
L ETC1;
94 <<0.28mA>> -36000 7000 0 4735 1507;
94 <<0.24mA>> -22000 -9000 0 4735 1507;
94 <<0.175mA>> -17000 -32000 0 5273 1507;
94 <<0.26mA>> 2000 -44000 0 4735 1507;
94 <<0.14mA>> 10000 -50000 0 4412 1507;
L ETC2;
94 <<Ilmenau values>> -28000 -72000 0 27897 3867;
L NAME;
5 16 LT 0 11;
94 <<LT0>> -33750 11500 0 1875 1000;
5 16 LT 1 11;
94 <<LT1>> -19750 11500 0 1650 1000;
5 16 B 0 11;
94 <<B0>> -28750 5000 64 1275 1000;
5 16 LT 2 11;
94 <<LT2>> -9750 1500 0 1875 1000;
5 16 LT 3 11;
94 <<LT3>> 4250 1500 0 1875 1000;
5 16 R 0 11;
94 <<R0>> -34500 0 64 1275 1000;
5 16 LP 0 11;
94 <<LP0>> -27250 -2000 64 1875 1000;
5 16 B 1 11;
94 <<B1>> -16750 -5000 64 1050 1000;
5 16 B 2 11;
94 <<B2>> 15250 -5000 64 1275 1000;
5 16 LT 4 11;
94 <<LT4>> -14750 -8500 0 1875 1000;
5 16 LT 5 11;
94 <<LT5>> -6750 -8500 0 1875 1000;
5 16 LT 6 11;
94 <<LT6>> 1250 -8500 0 1875 1000;
5 16 LT 7 11;
94 <<LT7>> 9250 -8500 0 1875 1000;
5 16 LT 8 11;
94 <<LT8>> -7250 -14000 64 1875 1000;
5 16 LT 9 11;
94 <<LT9>> 750 -14000 64 1875 1000;
5 16 LT 10 11;
94 <<LT10>> 8750 -14000 64 2250 1000;
5 16 R 1 11;
94 <<R1>> -21500 -15000 64 1050 1000;
5 16 B 3 11;
94 <<B3>> -16750 -15000 64 1275 1000;
5 16 B 4 11;
94 <<B4>> 15250 -15000 64 1275 1000;
5 16 LP 1 11;
94 <<LP1>> -15250 -22000 64 1650 1000;
5 16 LP 2 11;
94 <<LP2>> 16750 -22000 64 1875 1000;
5 16 B 5 11;
94 <<B5>> -8750 -23000 64 1275 1000;
5 16 B 6 11;
94 <<B6>> 7250 -23000 64 1275 1000;
5 16 R 2 11;
94 <<R2>> -21500 -25000 64 1275 1000;
5 16 R 3 11;
94 <<R3>> -6500 -40000 64 1275 1000;
5 16 B 7 11;
94 <<B7>> -750 -40000 64 1275 1000;
5 16 R 4 11;
94 <<R4>> 7500 -40000 64 1275 1000;
5 16 R 5 11;
94 <<R5>> 12500 -40000 64 1275 1000;
5 16 LT 11 11;
94 <<LT11>> -5250 -49000 64 2025 1000;
5 16 LT 12 11;
94 <<LT12>> 750 -49000 64 2250 1000;
5 16 LT 13 11;
94 <<LT13>> 3250 -51500 0 2250 1000;
5 16 LT 14 11;
94 <<LT14>> 9250 -51500 0 2250 1000;
5 16 LT 15 11;
94 <<LT15>> 17250 -51500 0 2250 1000;
5 16 B 8 11;
94 <<B8>> -750 -58000 64 1275 1000;
5 16 B 9 11;
94 <<B9>> 15250 -58000 64 1275 1000;
5 16 LP 3 11;
94 <<LP3>> 16750 -65000 64 1875 1000;
5 16 LT 16 11;
94 <<LT16>> 750 -67000 64 2250 1000;
L MODL;
5 16 B 0 1;
94 <<jjr>> -25250 5250 0 1725 1000;
5 16 B 1 1;
94 <<jjr>> -13250 -4750 0 1725 1000;
5 16 B 2 1;
94 <<jjr>> 18750 -4750 0 1725 1000;
5 16 B 3 1;
94 <<jjr>> -13250 -14750 0 1725 1000;
5 16 B 4 1;
94 <<jjr>> 18750 -14750 0 1725 1000;
5 16 B 5 1;
94 <<jjr>> -5250 -22750 0 1725 1000;
5 16 B 6 1;
94 <<jjr>> 10750 -22750 0 1725 1000;
5 16 B 7 1;
94 <<jjr>> 2750 -39750 0 1725 1000;
5 16 B 8 1;
94 <<jjr>> 2750 -57750 0 1725 1000;
5 16 B 9 1;
94 <<jjr>> 18750 -57750 0 1725 1000;
L VALU;
5 16 LT 0 2;
94 <<1.75pH>> -28250 8750 64 3075 1000;
5 16 LT 1 2;
94 <<0.90pH>> -12250 8750 64 3300 1000;
5 16 R 0 2;
94 <<36>> -31750 250 0 1275 1000;
5 16 LT 2 2;
94 <<0.97pH>> -2250 -1250 64 3300 1000;
5 16 LT 3 2;
94 <<1.04pH>> 11750 -1250 64 3075 1000;
5 16 LP 0 2;
94 <<0.19pH>> -25500 -1750 0 3075 1000;
5 16 LT 4 2;
94 <<1.30pH>> -8250 -11250 64 3075 1000;
5 16 LT 5 2;
94 <<2.07pH>> -250 -11250 64 3300 1000;
5 16 LT 6 2;
94 <<1.06pH>> 7750 -11250 64 3075 1000;
5 16 LT 7 2;
94 <<0.90pH>> 15750 -11250 64 3300 1000;
5 16 LT 8 2;
94 <<0.81pH>> -5500 -13750 0 3075 1000;
5 16 LT 9 2;
94 <<0.47pH>> 2500 -13750 0 3300 1000;
5 16 LT 10 2;
94 <<0.97pH>> 10500 -13750 0 3300 1000;
5 16 R 1 2;
94 <<42>> -18750 -17750 0 1275 1000;
5 16 LP 2 2;
94 <<0.55pH>> 18500 -21750 0 3300 1000;
5 16 LP 1 2;
94 <<0.63pH>> -19500 -23750 0 3300 1000;
5 16 R 2 2;
94 <<57>> -18750 -27750 0 1275 1000;
5 16 R 5 2;
94 <<71>> 15250 -39750 0 1050 1000;
5 16 R 3 2;
94 <<0.34>> -3750 -42750 0 2100 1000;
5 16 R 4 2;
94 <<38>> 10250 -42750 0 1275 1000;
5 16 LT 12 2;
94 <<0.91pH>> 2500 -48750 0 3075 1000;
5 16 LT 11 2;
94 <<0.91pH>> -3500 -50750 0 3075 1000;
5 16 LT 13 2;
94 <<4.86pH>> 8750 -54250 64 3300 1000;
5 16 LT 14 2;
94 <<1.78pH>> 16750 -54250 64 3075 1000;
5 16 LT 15 2;
94 <<1.68pH>> 23750 -54250 64 3075 1000;
5 16 LP 3 2;
94 <<0.22pH>> 18500 -64750 0 3300 1000;
5 16 LT 16 2;
94 <<0.22pH>> 2500 -66750 0 3300 1000;
L PARM;
5 16 B 0 3;
94 <<area=.325>> -25250 3750 0 5025 1000;
5 16 B 1 3;
94 <<area=.20>> -13250 -6250 0 4425 1000;
5 16 B 2 3;
94 <<area=.20>> 18750 -6250 0 4425 1000;
5 16 B 3 3;
94 <<area=.175>> -13250 -16250 0 4800 1000;
5 16 B 4 3;
94 <<area=.175>> 18750 -16250 0 4800 1000;
5 16 B 5 3;
94 <<area=.275>> -5250 -24250 0 5025 1000;
5 16 B 6 3;
94 <<area=.35>> 10750 -24250 0 4425 1000;
5 16 B 7 3;
94 <<area=.15>> 2750 -41250 0 4200 1000;
5 16 B 8 3;
94 <<area=.20>> 2750 -59250 0 4425 1000;
5 16 B 9 3;
94 <<area=.25>> 18750 -59250 0 4425 1000;
DF;
E
* Generated by Xic from cell sfqdc_il
B0 11 23 34 jjr area=.325
B1 10 7 33 jjr area=.20
B2 8 19 32 jjr area=.20
B3 7 17 31 jjr area=.175
B4 19 16 30 jjr area=.175
B5 6 0 29 jjr area=.275
B6 18 0 28 jjr area=.35
B7 5 3 27 jjr area=.15
B8 14 1 25 jjr area=.20
B9 13 12 24 jjr area=.25
LP0 23 0 0.19pH
LP1 17 0 0.63pH
LP2 16 0 0.55pH
LP3 12 0 0.22pH
LT0 in 11 1.75pH
LT1 11 9 0.90pH
LT2 10 9 0.97pH
LT3 9 8 1.04pH
LT4 7 22 1.30pH
LT5 22 21 2.07pH
LT6 21 20 1.06pH
LT7 20 19 0.90pH
LT8 22 6 0.81pH
LT9 21 5 0.47pH
LT10 20 18 0.97pH
LT11 15 1 0.91pH
LT12 3 14 0.91pH
LT13 14 2 4.86pH
LT14 2 13 1.78pH
LT15 13 out 1.68pH
LT16 1 0 0.22pH
R0 11 vbias 36
R1 7 vbias 42
R2 vbias 6 57
R3 5 15 0.34
R4 vbias 3 38
R5 vbias 2 71
.model jjr jj(rtype=1, cct=1, icon=10m, vg=2.8m, delv=0.08m,
+ icrit=1m, vshunt=0.5mV cap=1.31p)

