(Symbol split_il);
($Id:$);
(xic 3.2.2 FreeBSD7 12/17/2009 19:25 GMT);
(PHYSICAL);
(RESOLUTION 1000);
( CREATED 12/17/2009 19:25:36, MODIFIED 12/17/2009 19:25:36 );
9 split_il;
DS 0 1 1;
DF;
E
(ELECTRICAL);
(RESOLUTION 1000);
5 10 15 3 -14000:-13000 5000:-12000 vbias 0 0 0 ?;
5 10 13 2 10000:-9000 -5000:-18000 out2 0 0 0 ?;
5 10 10 1 10000:-9000 -15000:-15000 out1 0 0 0 ?;
5 10 12 0 -30000:-16000 -10000:-18000 in 0 0 0 ?;
5 18 1
  L SCED:
  W 0 -13000 -13000 -13000 -12000:
  W 0 -10000 -15000 -9000 -15000:
  W 0 -16000 -18000 -15000 -18000:
  W 0 -10000 -18000 -9000 -18000:
  L ETC1:
  B 5000 7000 -12500 -16500:
  L ETC2:
  94 <<SPLIT>> -14000 -17000 0 3728 1410:
  L MODL:
  94 <<IL>> -11000 -20000 0 889 957:
  L VALU:
  94 <<vbias>> -14000 -14000 0 2315 876:
  94 <<out1>> -10000 -15000 64 1363 658:
  94 <<in>> -15000 -18000 0 813 876:
  94 <<out2>> -10000 -18000 64 1504 658:
;
5 11 X 0 subckt;
9 split_il;
DS 0 1 1;
(SymbolCall gnd);
5 10 0 0 -22000 -24000;
1 Bound -23000 -26600 -21000 -24000;
9 gnd;
C 0 T -23000 -25000;
(SymbolCall gnd);
5 10 0 0 2000 9000;
1 Bound 1000 9000 3000 11600;
9 gnd;
C 0 MY T 1000 10000;
(SymbolCall gnd);
5 10 0 0 2000 -29000;
1 Bound 1000 -31600 3000 -29000;
9 gnd;
C 0 T 1000 -30000;
(SymbolCall jj);
5 10 14 2 1000 -3000;
5 10 8 1 2000 5000 B0- 0 0 0 ?;
5 10 7 0 2000 -5000 B0+ 0 0 0 ?;
5 1 jjr;
5 3 area=.25;
5 11 B 0;
1 Bound 500 -5000 3500 5000;
9 jj;
C 0 MY T 1000 5000;
(SymbolCall jj);
5 10 9 2 1000 -17000;
5 10 3 1 2000 -25000 B2- 0 0 0 ?;
5 10 5 0 2000 -15000 B2+ 0 0 0 ?;
5 11 B 2;
5 1 jjr;
5 3 area=.25;
1 Bound 500 -25000 3500 -15000;
9 jj;
C 0 T 1000 -25000;
(SymbolCall jj);
5 10 11 2 -23000 -12000;
5 10 4 1 -22000 -20000 B1- 0 0 0 ?;
5 10 6 0 -22000 -10000 B1+ 0 0 0 ?;
5 3 area=.325;
5 11 B 1;
5 1 jjr;
1 Bound -23500 -20000 -20500 -10000;
9 jj;
C 0 T -23000 -20000;
(SymbolCall ind1);
5 10 8 0 2000 5000 LP0_0 0 0 0 ?;
5 10 0 1 2000 9000 LP0_1 0 0 0 ?;
5 15 3000 5000 0 1;
5 2 0.21pH;
5 11 LP 0;
1 Bound 2000 5000 3250 9000;
9 ind1;
C 0 MY T 1000 14000;
(SymbolCall ind1);
5 10 4 0 -22000 -20000 LP1_0 0 0 0 ?;
5 10 0 1 -22000 -24000 LP1_1 0 0 0 ?;
5 15 -21000 -20000 0 -1;
5 2 0.22pH;
5 11 LP 1;
1 Bound -22000 -24000 -20750 -20000;
9 ind1;
C 0 T -23000 -29000;
(SymbolCall ind1);
5 10 3 0 2000 -25000 LP2_0 0 0 0 ?;
5 10 0 1 2000 -29000 LP2_1 0 0 0 ?;
5 15 3000 -25000 0 -1;
5 2 0.21pH;
5 11 LP 2;
1 Bound 2000 -29000 3250 -25000;
9 ind1;
C 0 T 1000 -34000;
(SymbolCall ind2);
5 10 12 0 -30000 -10000 LT2_0 0 0 0 ?;
5 10 6 1 -22000 -10000 LT2_1 0 0 0 ?;
5 15 -29000 -9000 1 0;
5 2 1.18pH;
5 11 LT 2;
1 Bound -30000 -10000 -22000 -8750;
( Rotate 90 );
9 ind2;
C 0 R 0 1 T -20000 -11000;
(SymbolCall ind2);
5 10 7 0 2000 -5000 LT1_0 0 0 0 ?;
5 10 13 1 10000 -5000 LT1_1 0 0 0 ?;
5 15 3000 -6000 1 0;
5 2 1.90pH;
5 11 LT 1;
1 Bound 2000 -6250 10000 -5000;
( Rotate 270 );
9 ind2;
C 0 MY R 0 -1 T 12000 -4000;
(SymbolCall ind2);
5 10 1 0 -6000 -5000 LT0_0 0 0 0 ?;
5 10 7 1 2000 -5000 LT0_1 0 0 0 ?;
5 15 -5000 -6000 1 0;
5 2 1.63pH;
5 11 LT 0;
1 Bound -6000 -6250 2000 -5000;
( Rotate 270 );
9 ind2;
C 0 MY R 0 -1 T 4000 -4000;
(SymbolCall ind2);
5 10 2 0 -14000 -10000 LT4_0 0 0 0 ?;
5 10 1 1 -6000 -10000 LT4_1 0 0 0 ?;
5 15 -13000 -9000 1 0;
5 11 LT 4;
5 2 0.51pH;
1 Bound -14000 -10000 -6000 -8750;
( Rotate 90 );
9 ind2;
C 0 R 0 1 T -4000 -11000;
(SymbolCall ind2);
5 10 5 0 2000 -15000 LT6_0 0 0 0 ?;
5 10 10 1 10000 -15000 LT6_1 0 0 0 ?;
5 15 3000 -14000 1 0;
5 2 1.90pH;
5 11 LT 6;
1 Bound 2000 -15000 10000 -13750;
( Rotate 90 );
9 ind2;
C 0 R 0 1 T 12000 -16000;
(SymbolCall ind2);
5 10 6 0 -22000 -10000 LT3_0 0 0 0 ?;
5 10 2 1 -14000 -10000 LT3_1 0 0 0 ?;
5 15 -21000 -9000 1 0;
5 2 1.42pH;
5 11 LT 3;
1 Bound -22000 -10000 -14000 -8750;
( Rotate 90 );
9 ind2;
C 0 R 0 1 T -12000 -11000;
(SymbolCall ind2);
5 10 1 0 -6000 -15000 LT5_0 0 0 0 ?;
5 10 5 1 2000 -15000 LT5_1 0 0 0 ?;
5 15 -5000 -14000 1 0;
5 2 1.63pH;
5 11 LT 5;
1 Bound -6000 -15000 2000 -13750;
( Rotate 90 );
9 ind2;
C 0 R 0 1 T 4000 -16000;
(SymbolCall res);
5 10 2 1 -14000 -5000 R0- 0 0 0 ?;
5 10 15 0 -14000 5000 R0+ 0 0 0 ?;
5 15 -15000 4000 0 -1 "<v>/<value>O";
5 2 21;
5 11 R 0;
1 Bound -15250 -5000 -13000 5000;
9 res;
C 0 T -14000 5000;
L SCED;
5 10 2 0 0 0;
W2 0 -14000 -10000 -14000 -5000;
5 10 1 0 0 0;
W2 0 -6000 -5000 -6000 -10000 -6000 -15000;
L ETC1;
94 <<.47mA>> -17000 -7000 0 2545 990;
94 <<kk>> -17000 -14000 0 340 280;
L ETC2;
94 <<Ilmenau values>> -26000 -31000 0 15958 2212;
L NAME;
5 16 LP 0 11;
94 <<LP0>> 1750 7000 64 1875 1000;
5 16 R 0 11;
94 <<R0>> -15500 0 64 1275 1000;
5 16 B 0 11;
94 <<B0>> 250 0 64 1275 1000;
5 16 LT 0 11;
94 <<LT0>> -3750 -4750 0 1875 1000;
5 16 LT 1 11;
94 <<LT1>> 4250 -4750 0 1650 1000;
5 16 LT 2 11;
94 <<LT2>> -29608 -8358 0 1875 1000;
5 16 LT 3 11;
94 <<LT3>> -21608 -8358 0 1875 1000;
5 16 LT 4 11;
94 <<LT4>> -11750 -8500 0 1875 1000;
5 16 LT 5 11;
94 <<LT5>> -3608 -13358 0 1875 1000;
5 16 LT 6 11;
94 <<LT6>> 4392 -13358 0 1875 1000;
5 16 B 1 11;
94 <<B1>> -23892 -15000 64 1050 1000;
5 16 B 2 11;
94 <<B2>> 108 -20000 64 1275 1000;
5 16 LP 1 11;
94 <<LP1>> -22392 -22000 64 1650 1000;
5 16 LP 2 11;
94 <<LP2>> 1608 -27000 64 1875 1000;
L MODL;
5 16 B 0 1;
94 <<jjr>> 3750 250 0 1725 1000;
5 16 B 1 1;
94 <<jjr>> -20108 -14608 0 1725 1000;
5 16 B 2 1;
94 <<jjr>> 3892 -19608 0 1725 1000;
L VALU;
5 16 LP 0 2;
94 <<0.21pH>> 3500 7250 0 3075 1000;
5 16 R 0 2;
94 <<21>> -12750 250 0 1050 1000;
5 16 LT 0 2;
94 <<1.63pH>> -250 -7500 64 3075 1000;
5 16 LT 1 2;
94 <<1.90pH>> 7750 -7500 64 3075 1000;
5 16 LT 4 2;
94 <<0.51pH>> -7250 -11250 64 3075 1000;
5 16 LT 2 2;
94 <<1.18pH>> -25875 -11375 64 2850 1000;
5 16 LT 3 2;
94 <<1.42pH>> -16875 -11375 64 3075 1000;
5 16 LT 5 2;
94 <<1.63pH>> -70 -16350 64 3075 1000;
5 16 LT 6 2;
94 <<1.90pH>> 7930 -16350 64 3075 1000;
5 16 LP 1 2;
94 <<0.22pH>> -20875 -24125 0 3300 1000;
5 16 LP 2 2;
94 <<0.21pH>> 3320 -26930 0 3075 1000;
L PARM;
5 16 B 0 3;
94 <<area=.25>> 3750 -1250 0 4425 1000;
5 16 B 1 3;
94 <<area=.325>> -20108 -16960 0 5025 1000;
5 16 B 2 3;
94 <<area=.25>> 3892 -21960 0 4425 1000;
DF;
E
* Generated by Xic from cell split_il
B0 7 8 14 jjr area=.25
B1 6 4 11 jjr area=.325
B2 5 3 9 jjr area=.25
LP0 8 0 0.21pH
LP1 4 0 0.22pH
LP2 3 0 0.21pH
LT0 1 7 1.63pH
LT1 7 out2 1.90pH
LT2 in 6 1.18pH
LT3 6 2 1.42pH
LT4 2 1 0.51pH
LT5 1 5 1.63pH
LT6 5 out1 1.90pH
R0 vbias 2 21
.model jjr jj(rtype=1, cct=1, icon=10m, vg=2.8m, delv=0.08m,
+ icrit=1m, vshunt=0.5mV cap=1.31p)

