(Symbol tff);
($Id:$);
(xic 3.2.2 FreeBSD7 12/17/2009 03:53 GMT);
(PHYSICAL);
(RESOLUTION 1000);
( CREATED 12/17/2009 3:53:40, MODIFIED 12/17/2009 3:53:40 );
9 tff;
DS 0 1 1;
DF;
E
(ELECTRICAL);
(RESOLUTION 1000);
5 10 23 3 12000:-10000 26000:27000 vn -30000 0 0 ?;
5 10 8 2 -22000:-15000 34000:27000 vbias -40000 0 0 ?;
5 10 19 1 10000:-8000 10000:24000 QN -60000 0 0 ?;
5 10 20 0 -30000:-17000 10000:24000 T -50000 0 0 ?;
5 18 1
  L SCED:
  W 0 -15000 27000 -15000 26000:
  W 0 -10000 27000 -10000 26000:
  W 0 -17000 24000 -16000 24000:
  W 0 -9000 24000 -8000 24000:
  L ETC1:
  B 7000 4000 -12500 24000:
  L ETC2:
  94 <<TFF>> -15000 22000 0 4919 2755:
  L VALU:
  94 <<vbias>> -16000 25000 0 1898 718:
  94 <<vn>> -10000 25000 0 872 718:
  94 <<T>> -16000 24000 0 462 718:
  94 <<QN>> -10000 24000 0 872 718:
;
5 11 X 0 subckt;
9 tff;
DS 0 1 1;
(SymbolCall res);
5 10 7 1 2000 26000 R0- -50000 70000 0 ?;
5 10 23 0 12000 26000 R0+ -60000 70000 0 ?;
5 15 11000 27000 -1 0 "<v>/<value>O";
5 2 154;
5 11 R 0;
1 Bound 2000 25000 12000 27250;
( Rotate 270 );
9 res;
C 0 R 0 -1 T 12000 26000;
(SymbolCall res);
5 10 10 1 9000 -4000 R2- -10000 70000 0 ?;
5 10 8 0 19000 -4000 R2+ -20000 70000 0 ?;
5 15 18000 -3000 -1 0 "<v>/<value>O";
5 2 40;
5 11 R 2;
1 Bound 9000 -5000 19000 -2750;
( Rotate 270 );
9 res;
C 0 R 0 -1 T 19000 -4000;
(SymbolCall res);
5 10 14 1 -22000 14000 R1- -30000 70000 0 ?;
5 10 8 0 -22000 24000 R1+ -40000 70000 0 ?;
5 15 -23000 23000 0 -1 "<v>/<value>O";
5 2 36;
5 11 R 1;
1 Bound -23250 14000 -21000 24000;
9 res;
C 0 T -22000 24000;
(SymbolCall jj);
5 10 21 2 4000 19000;
5 10 15 1 12000 20000 B1- -50000 10000 0 ?;
5 10 5 0 2000 20000 B1+ -60000 10000 0 ?;
5 3 area=.22;
5 11 B 1;
5 1 jjr;
1 Bound 2000 18500 12000 21500;
( Rotate 90 );
9 jj;
C 0 R 0 1 T 12000 19000;
(SymbolCall jj);
5 10 22 2 -8000 19000;
5 10 5 1 0 20000 B0- -10000 0 0 ?;
5 10 6 0 -10000 20000 B0+ -20000 0 0 ?;
5 3 area=.29;
5 1 jjr;
5 11 B 0;
1 Bound -10000 18500 0 21500;
( Rotate 90 );
9 jj;
C 0 R 0 1 T 0 19000;
(SymbolCall jj);
5 10 16 2 -11000 -6000;
5 10 9 1 -10000 -14000 B4- -50000 20000 0 ?;
5 10 11 0 -10000 -4000 B4+ -60000 20000 0 ?;
5 1 jjr;
5 3 area=.31;
5 11 B 4;
1 Bound -11500 -14000 -8500 -4000;
9 jj;
C 0 T -11000 -14000;
(SymbolCall jj);
5 10 17 2 -11000 4000;
5 10 11 1 -10000 -4000 B3- -10000 10000 0 ?;
5 10 13 0 -10000 6000 B3+ -20000 10000 0 ?;
5 1 jjr;
5 3 area=.31;
5 11 B 3;
1 Bound -11500 -4000 -8500 6000;
9 jj;
C 0 T -11000 -4000;
(SymbolCall jj);
5 10 18 2 -23000 8000;
5 10 12 1 -22000 0 B2- -30000 10000 0 ?;
5 10 2 0 -22000 10000 B2+ -40000 10000 0 ?;
5 1 jjr;
5 3 area=.43;
5 11 B 2;
1 Bound -23500 0 -20500 10000;
9 jj;
C 0 T -23000 0;
(SymbolCall ind2);
5 10 3 0 2000 10000 LT2_0 -20000 60000 0 ?;
5 10 19 1 10000 10000 LT2_1 -10000 60000 0 ?;
5 15 3000 11000 1 0;
5 2 0.66pH;
5 11 LT 2;
1 Bound 2000 10000 10000 11250;
( Rotate 90 );
9 ind2;
C 0 R 0 1 T 12000 9000;
(SymbolCall ind2);
5 10 2 0 -18000 10000 LT1_0 -40000 60000 0 ?;
5 10 4 1 -10000 10000 LT1_1 -30000 60000 0 ?;
5 15 -17000 11000 1 0;
5 11 LT 1;
5 2 0.46pH;
1 Bound -18000 10000 -10000 11250;
( Rotate 90 );
9 ind2;
C 0 R 0 1 T -8000 9000;
(SymbolCall ind2);
5 10 20 0 -30000 10000 LT0_0 -60000 60000 0 ?;
5 10 2 1 -22000 10000 LT0_1 -50000 60000 0 ?;
5 15 -29000 11000 1 0;
5 2 0.43pH;
5 11 LT 0;
1 Bound -30000 10000 -22000 11250;
( Rotate 90 );
9 ind2;
C 0 R 0 1 T -20000 9000;
(SymbolCall gnd);
5 10 0 0 16000 20000;
1 Bound 15000 17400 17000 20000;
9 gnd;
C 0 T 15000 19000;
(SymbolCall gnd);
5 10 0 0 -10000 -18000;
1 Bound -11000 -20600 -9000 -18000;
9 gnd;
C 0 T -11000 -19000;
(SymbolCall gnd);
5 10 0 0 -22000 -4000;
1 Bound -23000 -6600 -21000 -4000;
9 gnd;
C 0 T -23000 -5000;
(SymbolCall ind1);
5 10 7 0 2000 24000 LP0_0 -20000 20000 0 ?;
5 10 5 1 2000 20000 LP0_1 -10000 20000 0 ?;
5 15 3000 24000 0 -1;
5 2 1.14pH;
5 11 LP 0;
1 Bound 2000 20000 3250 24000;
9 ind1;
C 0 T 1000 15000;
(SymbolCall ind1);
5 10 6 0 -10000 17000 LP2_0 -40000 30000 0 ?;
5 10 4 1 -10000 13000 LP2_1 -30000 30000 0 ?;
5 15 -9000 17000 0 -1;
5 2 0.69pH;
5 11 LP 2;
1 Bound -10000 13000 -8750 17000;
9 ind1;
C 0 T -11000 8000;
(SymbolCall ind1);
5 10 14 0 -22000 14000 LP4_0 -60000 40000 0 ?;
5 10 2 1 -22000 10000 LP4_1 -50000 40000 0 ?;
5 15 -21000 14000 0 -1;
5 2 0.69pH;
5 11 LP 4;
1 Bound -22000 10000 -20750 14000;
9 ind1;
C 0 T -23000 5000;
(SymbolCall ind1);
5 10 12 0 -22000 0 LP6_0 -20000 40000 0 ?;
5 10 0 1 -22000 -4000 LP6_1 -10000 40000 0 ?;
5 15 -21000 0 0 -1;
5 2 0.03pH;
5 11 LP 6;
1 Bound -22000 -4000 -20750 0;
9 ind1;
C 0 T -23000 -9000;
(SymbolCall ind1);
5 10 15 0 12000 20000 LP1_0 -60000 30000 0 ?;
5 10 0 1 16000 20000 LP1_1 -50000 30000 0 ?;
5 15 12000 21000 1 0;
5 2 0.56pH;
5 11 LP 1;
1 Bound 12000 20000 16000 21250;
( Rotate 90 );
9 ind1;
C 0 R 0 1 T 21000 19000;
(SymbolCall ind1);
5 10 3 0 2000 13000 LP3_0 -20000 30000 0 ?;
5 10 5 1 2000 17000 LP3_1 -10000 30000 0 ?;
5 15 1000 13000 0 1;
5 2 0.51pH;
5 11 LP 3;
1 Bound 750 13000 2000 17000;
( Rotate 180 );
9 ind1;
C 0 R -1 0 T 3000 22000;
(SymbolCall ind1);
5 10 10 0 9000 -4000 LP8_0 -40000 50000 0 ?;
5 10 1 1 5000 -4000 LP8_1 -30000 50000 0 ?;
5 15 9000 -5000 -1 0;
5 2 0.40pH;
5 11 LP 8;
1 Bound 5000 -5250 9000 -4000;
( Rotate 270 );
9 ind1;
C 0 R 0 -1 T 0 -3000;
(SymbolCall ind1);
5 10 1 0 -6000 -4000 LP7_0 -60000 50000 0 ?;
5 10 11 1 -10000 -4000 LP7_1 -50000 50000 0 ?;
5 15 -6000 -5000 -1 0;
5 2 0.37pH;
5 11 LP 7;
1 Bound -10000 -5250 -6000 -4000;
( Rotate 270 );
9 ind1;
C 0 R 0 -1 T -15000 -3000;
(SymbolCall ind1);
5 10 9 0 -10000 -14000 LP9_0 -20000 50000 0 ?;
5 10 0 1 -10000 -18000 LP9_1 -10000 50000 0 ?;
5 15 -9000 -14000 0 -1;
5 2 0.44pH;
5 11 LP 9;
1 Bound -10000 -18000 -8750 -14000;
9 ind1;
C 0 T -11000 -23000;
(SymbolCall ind1);
5 10 4 0 -10000 10000 LP5_0 -40000 40000 0 ?;
5 10 13 1 -10000 6000 LP5_1 -30000 40000 0 ?;
5 15 -9000 10000 0 -1;
5 2 1.15pH;
5 11 LP 5;
1 Bound -10000 6000 -8750 10000;
9 ind1;
C 0 T -11000 1000;
(SymbolCall ind);
5 10 1 1 2000 -2000 L0- -30000 20000 0 ?;
5 10 3 0 2000 8000 L0+ -40000 20000 0 ?;
5 15 3000 7000 0 -1;
5 2 3.37pH;
5 11 L 0;
1 Bound 2000 -2000 3500 8000;
9 ind;
C 0 T 1000 -2000;
L SCED;
5 10 8 0 0 0;
W2 0 -22000 24000 -22000 34000 19000 34000 19000 -4000;
5 10 7 0 0 0;
W2 0 2000 26000 2000 24000;
5 10 6 0 0 0;
W2 0 -10000 17000 -10000 20000;
5 10 5 0 0 0;
W2 0 0 20000 2000 20000 2000 17000;
5 10 4 0 0 0;
W2 0 -10000 13000 -10000 10000;
5 10 3 0 0 0;
W2 0 2000 13000 2000 10000 2000 8000;
5 10 2 0 0 0;
W2 0 -22000 10000 -18000 10000;
5 10 1 0 0 0;
W2 0 2000 -2000 2000 -4000;
5 10 1 0 0 0;
W2 0 -6000 -4000 2000 -4000 5000 -4000;
L ETC1;
94 <<-0.065mA>> 3000 29000 0 7873 1837;
94 <<.28mA>> -29000 15000 0 4724 1837;
94 <<0.25mA>> 7000 -9000 0 5196 1653;
L NAME;
5 16 R 0 11;
94 <<R0>> 2250 27500 0 1275 1000;
5 16 LP 0 11;
94 <<LP0>> 1750 22000 64 1875 1000;
5 16 B 0 11;
94 <<B0>> -9750 21750 0 1275 1000;
5 16 B 1 11;
94 <<B1>> 4250 21750 0 1050 1000;
5 16 LP 1 11;
94 <<LP1>> 12250 21500 0 1650 1000;
5 16 R 1 11;
94 <<R1>> -23500 19000 64 1050 1000;
5 16 LP 2 11;
94 <<LP2>> -10250 15000 64 1875 1000;
5 16 LP 3 11;
94 <<LP3>> 500 15000 64 1875 1000;
5 16 LP 4 11;
94 <<LP4>> -22250 12000 64 1875 1000;
5 16 LT 0 11;
94 <<LT0>> -29750 11500 0 1875 1000;
5 16 LT 1 11;
94 <<LT1>> -15750 11500 0 1650 1000;
5 16 LT 2 11;
94 <<LT2>> 2250 11500 0 1875 1000;
5 16 LP 5 11;
94 <<LP5>> -10250 8000 64 1875 1000;
5 16 B 2 11;
94 <<B2>> -23750 5000 64 1275 1000;
5 16 L 0 11;
94 <<L0>> 1750 3000 64 1275 1000;
5 16 B 3 11;
94 <<B3>> -11750 1000 64 1275 1000;
5 16 LP 6 11;
94 <<LP6>> -22250 -2000 64 1875 1000;
5 16 R 2 11;
94 <<R2>> 9250 -2500 0 1275 1000;
5 16 LP 7 11;
94 <<LP7>> -9750 -3750 0 1875 1000;
5 16 LP 8 11;
94 <<LP8>> 5250 -3750 0 1875 1000;
5 16 B 4 11;
94 <<B4>> -11750 -9000 64 1275 1000;
5 16 LP 9 11;
94 <<LP9>> -10250 -16000 64 1875 1000;
L MODL;
5 16 B 0 1;
94 <<jjr>> -250 17250 64 1725 1000;
5 16 B 1 1;
94 <<jjr>> 11750 17250 64 1725 1000;
5 16 B 2 1;
94 <<jjr>> -20250 5250 0 1725 1000;
5 16 B 3 1;
94 <<jjr>> -8250 1250 0 1725 1000;
5 16 B 4 1;
94 <<jjr>> -8250 -8750 0 1725 1000;
L VALU;
5 16 R 0 2;
94 <<154>> 11750 23750 64 1650 1000;
5 16 LP 0 2;
94 <<1.14pH>> -1500 21250 0 2850 1000;
5 16 R 1 2;
94 <<36>> -20750 19250 0 1275 1000;
5 16 LP 1 2;
94 <<0.56pH>> 13750 18750 64 3300 1000;
5 16 LP 2 2;
94 <<0.69pH>> -8500 15250 0 3300 1000;
5 16 LP 3 2;
94 <<0.51pH>> 2250 15250 0 3075 1000;
5 16 LP 4 2;
94 <<0.69pH>> -20500 12250 0 3300 1000;
5 16 LT 0 2;
94 <<0.43pH>> -23250 8750 64 3300 1000;
5 16 LT 1 2;
94 <<0.46pH>> -13250 8750 64 3300 1000;
5 16 LT 2 2;
94 <<0.66pH>> 9750 8750 64 3300 1000;
5 16 LP 5 2;
94 <<1.15pH>> -8500 8250 0 2850 1000;
5 16 L 0 2;
94 <<3.37pH>> 3750 3250 0 3300 1000;
5 16 LP 6 2;
94 <<0.03pH>> -20500 -1750 0 3300 1000;
5 16 R 2 2;
94 <<40>> 18750 -6250 64 1275 1000;
5 16 LP 7 2;
94 <<0.37pH>> -6250 -6500 64 3300 1000;
5 16 LP 8 2;
94 <<0.40pH>> 8750 -6500 64 3300 1000;
5 16 LP 9 2;
94 <<0.44pH>> -8500 -15750 0 3300 1000;
L PARM;
5 16 B 0 3;
94 <<area=.29>> -7750 17250 0 4425 1000;
5 16 B 1 3;
94 <<area=.22>> 4250 17250 0 4425 1000;
5 16 B 2 3;
94 <<area=.43>> -20250 3750 0 4425 1000;
5 16 B 3 3;
94 <<area=.31>> -8250 -250 0 4200 1000;
5 16 B 4 3;
94 <<area=.31>> -8250 -10250 0 4200 1000;
DF;
E
