(Symbol tff_il);
($Id:$);
(PHYSICAL);
(RESOLUTION 1000);
9 tff_il;
DS 0 1 1;
DF;
E
(ELECTRICAL);
(RESOLUTION 1000);
5 10 1 2 13000:-10000 4000:4000 vbias 0 0 0 ?;
5 10 26 1 25000:-4000 -14000:-1000 out 0 0 0 ?;
5 10 11 0 -40000:-16000 0:-1000 in 0 0 0 ?;
5 18 1
  L SCED:
  W 0 -10000 3000 -10000 4000:
  W 0 -15000 -1000 -16000 -1000:
  W 0 -5000 -1000 -4000 -1000:
  L ETC1:
  B 10000 6000 -10000 0:
  L ETC2:
  94 <<TFF>> -13000 -1000 0 6000 3000:
  L MODL:
  94 <<IL>> -6000 -3000 0 1012 1089:
  L VALU:
  94 <<vbias>> -12000 2000 0 3145 1190:
  94 <<in>> -15000 -1000 0 1235 1330:
  94 <<out>> -7000 -1000 0 2280 1330:
;
5 11 X 0 subckt;
9 tff_il;
DS 0 1 1;
(SymbolCall res);
5 10 6 1 -28000 5000 R0- 0 0 0 ?;
5 10 1 0 -28000 15000 R0+ 0 0 0 ?;
5 15 -29000 14000 0 -1 "<v>/<value>O";
5 2 28;
5 11 R 0;
1 Bound -29250 5000 -27000 15000;
9 res;
C 0 T -28000 15000;
(SymbolCall res);
5 10 19 1 13000 -10000 R2- 0 0 0 ?;
5 10 1 0 13000 0 R2+ 0 0 0 ?;
5 15 12000 -1000 0 -1 "<v>/<value>O";
5 2 38;
5 11 R 2;
1 Bound 11750 -10000 14000 0;
9 res;
C 0 T 13000 0;
(SymbolCall res);
5 10 1 1 5000 4000 R1- 0 0 0 ?;
5 10 5 0 5000 14000 R1+ 0 0 0 ?;
5 15 4000 13000 0 -1 "<v>/<value>O";
5 2 32;
5 11 R 1;
1 Bound 3750 4000 6000 14000;
9 res;
C 0 T 5000 14000;
(SymbolCall vcc);
5 10 1 0 -28000 15000;
5 11 @ 0;
1 Bound -29000 15000 -27000 17200;
9 vcc;
C 0 T -28000 15000;
(SymbolCall vcc);
5 10 1 0 8000 4000;
5 11 @ 1;
1 Bound 7000 4000 9000 6200;
9 vcc;
C 0 T 8000 4000;
(SymbolCall ind2);
5 10 25 0 17000 -14000 LT5_0 0 0 0 ?;
5 10 26 1 25000 -14000 LT5_1 0 0 0 ?;
5 15 18000 -13000 1 0;
5 2 1.26pH;
5 11 LT 5;
1 Bound 17000 -14000 25000 -12750;
( Rotate 90 );
9 ind2;
C 0 R 0 1 T 27000 -15000;
(SymbolCall ind2);
5 10 6 0 -28000 0 LT2_0 0 0 0 ?;
5 10 13 1 -20000 0 LT2_1 0 0 0 ?;
5 15 -27000 1000 1 0;
5 11 LT 2;
5 2 1.87pH;
1 Bound -28000 0 -20000 1250;
( Rotate 90 );
9 ind2;
C 0 R 0 1 T -18000 -1000;
(SymbolCall ind2);
5 10 4 0 -13000 14000 LT0_0 0 0 0 ?;
5 10 7 1 -13000 6000 LT0_1 0 0 0 ?;
5 15 -12000 13000 0 -1;
5 2 1.50pH;
5 11 LT 0;
1 Bound -13000 6000 -11750 14000;
9 ind2;
C 0 T -14000 4000;
(SymbolCall ind2);
5 10 11 0 -40000 0 LT1_0 0 0 0 ?;
5 10 12 1 -32000 0 LT1_1 0 0 0 ?;
5 15 -39000 1000 1 0;
5 2 1.97pH;
5 11 LT 1;
1 Bound -40000 0 -32000 1250;
( Rotate 90 );
9 ind2;
C 0 R 0 1 T -30000 -1000;
(SymbolCall ind2);
5 10 7 0 -13000 -6000 LT3_0 0 0 0 ?;
5 10 22 1 -13000 -14000 LT3_1 0 0 0 ?;
5 15 -12000 -7000 0 -1;
5 2 1.44pH;
5 11 LT 3;
1 Bound -13000 -14000 -11750 -6000;
9 ind2;
C 0 T -14000 -16000;
(SymbolCall ind2);
5 10 24 0 5000 -14000 LT4_0 0 0 0 ?;
5 10 19 1 13000 -14000 LT4_1 0 0 0 ?;
5 15 6000 -13000 1 0;
5 2 3.09pH;
5 11 LT 4;
1 Bound 5000 -14000 13000 -12750;
( Rotate 90 );
9 ind2;
C 0 R 0 1 T 15000 -15000;
(SymbolCall jj);
5 10 27 2 4000 -16000;
5 10 28 1 5000 -24000 B6- 0 0 0 ?;
5 10 24 0 5000 -14000 B6+ 0 0 0 ?;
5 3 area=.20;
5 1 jjr;
5 11 B 6;
1 Bound 3500 -24000 6500 -14000;
9 jj;
C 0 T 4000 -24000;
(SymbolCall jj);
5 10 8 2 -4000 12000;
5 10 9 1 -3000 4000 B1- 0 0 0 ?;
5 10 3 0 -3000 14000 B1+ 0 0 0 ?;
5 3 area=.30;
5 11 B 1;
5 1 jjr;
1 Bound -4500 4000 -1500 14000;
9 jj;
C 0 T -4000 4000;
(SymbolCall jj);
5 10 20 2 -4000 -6000;
5 10 21 1 -3000 -14000 B4- 0 0 0 ?;
5 10 18 0 -3000 -4000 B4+ 0 0 0 ?;
5 3 area=.25;
5 11 B 4;
5 1 jjr;
1 Bound -4500 -14000 -1500 -4000;
9 jj;
C 0 T -4000 -14000;
(SymbolCall jj);
5 10 2 2 -11000 13000;
5 10 3 1 -3000 14000 B0- 0 0 0 ?;
5 10 4 0 -13000 14000 B0+ 0 0 0 ?;
5 3 area=.20;
5 11 B 0;
5 1 jjr;
1 Bound -13000 12500 -3000 15500;
( Rotate 90 );
9 jj;
C 0 R 0 1 T -3000 13000;
(SymbolCall jj);
5 10 23 2 -11000 -15000;
5 10 21 1 -3000 -14000 B5- 0 0 0 ?;
5 10 22 0 -13000 -14000 B5+ 0 0 0 ?;
5 1 jjr;
5 3 area=.15;
5 11 B 5;
1 Bound -13000 -15500 -3000 -12500;
( Rotate 90 );
9 jj;
C 0 R 0 1 T -3000 -15000;
(SymbolCall jj);
5 10 16 2 -21000 -2000;
5 10 17 1 -20000 -10000 B3- 0 0 0 ?;
5 10 13 0 -20000 0 B3+ 0 0 0 ?;
5 3 area=.25;
5 1 jjr;
5 11 B 3;
1 Bound -21500 -10000 -18500 0;
9 jj;
C 0 T -21000 -10000;
(SymbolCall jj);
5 10 14 2 -33000 -2000;
5 10 15 1 -32000 -10000 B2- 0 0 0 ?;
5 10 12 0 -32000 0 B2+ 0 0 0 ?;
5 3 area=.25;
5 1 jjr;
5 11 B 2;
1 Bound -33500 -10000 -30500 0;
9 jj;
C 0 T -33000 -10000;
(SymbolCall jj);
5 10 29 2 16000 -16000;
5 10 30 1 17000 -24000 B7- 0 0 0 ?;
5 10 25 0 17000 -14000 B7+ 0 0 0 ?;
5 3 area=.25;
5 1 jjr;
5 11 B 7;
1 Bound 15500 -24000 18500 -14000;
9 jj;
C 0 T 16000 -24000;
(SymbolCall ind);
5 10 10 1 1000 -5000 L0- 0 0 0 ?;
5 10 5 0 1000 5000 L0+ 0 0 0 ?;
5 15 2000 4000 0 -1;
5 2 4.52pH;
5 11 L 0;
1 Bound 1000 -5000 2500 5000;
9 ind;
C 0 T 0 -5000;
(SymbolCall ind1);
5 10 12 0 -32000 0 LP2_0 0 0 0 ?;
5 10 6 1 -28000 0 LP2_1 0 0 0 ?;
5 15 -32000 1000 1 0;
5 2 1.37pH;
5 11 LP 2;
1 Bound -32000 0 -28000 1250;
( Rotate 90 );
9 ind1;
C 0 R 0 1 T -23000 -1000;
(SymbolCall ind1);
5 10 9 0 -3000 4000 LP1_0 0 0 0 ?;
5 10 0 1 -3000 0 LP1_1 0 0 0 ?;
5 15 -2000 4000 0 -1;
5 2 0.17pH;
5 11 LP 1;
1 Bound -3000 0 -1750 4000;
9 ind1;
C 0 T -4000 -5000;
(SymbolCall ind1);
5 10 13 0 -20000 0 LP3_0 0 0 0 ?;
5 10 7 1 -16000 0 LP3_1 0 0 0 ?;
5 15 -20000 1000 1 0;
5 2 1.00pH;
5 11 LP 3;
1 Bound -20000 0 -16000 1250;
( Rotate 90 );
9 ind1;
C 0 R 0 1 T -11000 -1000;
(SymbolCall ind1);
5 10 10 0 1000 -14000 LP8_0 0 0 0 ?;
5 10 24 1 5000 -14000 LP8_1 0 0 0 ?;
5 15 1000 -13000 1 0;
5 2 2.38pH;
5 11 LP 8;
1 Bound 1000 -14000 5000 -12750;
( Rotate 90 );
9 ind1;
C 0 R 0 1 T 10000 -15000;
(SymbolCall ind1);
5 10 15 0 -32000 -10000 LP5_0 0 0 0 ?;
5 10 0 1 -32000 -14000 LP5_1 0 0 0 ?;
5 15 -31000 -10000 0 -1;
5 2 0.20pH;
5 11 LP 5;
1 Bound -32000 -14000 -30750 -10000;
9 ind1;
C 0 T -33000 -19000;
(SymbolCall ind1);
5 10 17 0 -20000 -10000 LP6_0 0 0 0 ?;
5 10 0 1 -20000 -14000 LP6_1 0 0 0 ?;
5 15 -19000 -10000 0 -1;
5 2 0.15pH;
5 11 LP 6;
1 Bound -20000 -14000 -18750 -10000;
9 ind1;
C 0 T -21000 -19000;
(SymbolCall ind1);
5 10 3 0 -3000 14000 LP0_0 0 0 0 ?;
5 10 5 1 1000 14000 LP0_1 0 0 0 ?;
5 15 -3000 15000 1 0;
5 2 1.05pH;
5 11 LP 0;
1 Bound -3000 14000 1000 15250;
( Rotate 90 );
9 ind1;
C 0 R 0 1 T 6000 13000;
(SymbolCall ind1);
5 10 28 0 5000 -24000 LP10_0 0 0 0 ?;
5 10 0 1 5000 -28000 LP10_1 0 0 0 ?;
5 15 6000 -24000 0 -1;
5 2 0.20pH;
5 11 LP 10;
1 Bound 5000 -28000 6250 -24000;
9 ind1;
C 0 T 4000 -33000;
(SymbolCall ind1);
5 10 19 0 13000 -14000 LP9_0 0 0 0 ?;
5 10 25 1 17000 -14000 LP9_1 0 0 0 ?;
5 15 13000 -13000 1 0;
5 2 1.26pH;
5 11 LP 9;
1 Bound 13000 -14000 17000 -12750;
( Rotate 90 );
9 ind1;
C 0 R 0 1 T 22000 -15000;
(SymbolCall ind1);
5 10 21 0 -3000 -14000 LP7_0 0 0 0 ?;
5 10 10 1 1000 -14000 LP7_1 0 0 0 ?;
5 15 -3000 -13000 1 0;
5 2 1.16pH;
5 11 LP 7;
1 Bound -3000 -14000 1000 -12750;
( Rotate 90 );
9 ind1;
C 0 R 0 1 T 6000 -15000;
(SymbolCall ind1);
5 10 30 0 17000 -24000 LP11_0 0 0 0 ?;
5 10 0 1 17000 -28000 LP11_1 0 0 0 ?;
5 15 18000 -24000 0 -1;
5 2 0.20pH;
5 11 LP 11;
1 Bound 17000 -28000 18250 -24000;
9 ind1;
C 0 T 16000 -33000;
(SymbolCall ind1);
5 10 0 0 -3000 0 LP4_0 0 0 0 ?;
5 10 18 1 -3000 -4000 LP4_1 0 0 0 ?;
5 15 -2000 0 0 -1;
5 2 0.11pH;
5 11 LP 4;
1 Bound -3000 -4000 -1750 0;
9 ind1;
C 0 T -4000 -9000;
(SymbolCall gnd);
5 10 0 0 -32000 -14000;
1 Bound -33000 -16600 -31000 -14000;
9 gnd;
C 0 T -33000 -15000;
(SymbolCall gnd);
5 10 0 0 -20000 -14000;
1 Bound -21000 -16600 -19000 -14000;
9 gnd;
C 0 T -21000 -15000;
(SymbolCall gnd);
5 10 0 0 -3000 0;
1 Bound -5600 -1000 -3000 1000;
( Rotate 270 );
9 gnd;
C 0 R 0 -1 T -4000 1000;
(SymbolCall gnd);
5 10 0 0 5000 -28000;
1 Bound 4000 -30600 6000 -28000;
9 gnd;
C 0 T 4000 -29000;
(SymbolCall gnd);
5 10 0 0 17000 -28000;
1 Bound 16000 -30600 18000 -28000;
9 gnd;
C 0 T 16000 -29000;
L SCED;
5 10 5 0 0 0;
W2 0 1000 5000 1000 14000 5000 14000;
5 10 7 0 0 0;
W2 0 -13000 6000 -13000 0 -13000 -6000;
5 10 6 0 0 0;
W2 0 -28000 0 -28000 5000;
5 10 1 0 0 0;
W2 0 5000 4000 8000 4000 13000 4000 13000 0;
5 10 7 0 0 0;
W2 0 -16000 0 -13000 0;
5 10 10 0 0 0;
W2 0 1000 -5000 1000 -14000;
5 10 19 0 0 0;
W2 0 13000 -14000 13000 -10000;
L ETC1;
94 <<0.31mA>> 6000 12000 0 6053 2067;
94 <<0.36mA>> -27000 3000 0 6495 2067;
94 <<0.26mA>> 6000 -11000 0 6495 2067;
L ETC2;
94 <<Ilmenau values>> -27000 -23000 0 18382 2548;
L NAME;
5 16 B 0 11;
94 <<B0>> -12750 15750 0 1275 1000;
5 16 LP 0 11;
94 <<LP0>> -2750 15500 0 1875 1000;
5 16 R 0 11;
94 <<R0>> -29500 10000 64 1275 1000;
5 16 LT 0 11;
94 <<LT0>> -13250 10000 64 1875 1000;
5 16 B 1 11;
94 <<B1>> -4750 9000 64 1050 1000;
5 16 R 1 11;
94 <<R1>> 3500 9000 64 1050 1000;
5 16 LP 1 11;
94 <<LP1>> -3250 2000 64 1650 1000;
5 16 LT 1 11;
94 <<LT1>> -38750 1500 0 1650 1000;
5 16 LP 2 11;
94 <<LP2>> -31750 1500 0 1875 1000;
5 16 LT 2 11;
94 <<LT2>> -26750 1500 0 1875 1000;
5 16 LP 3 11;
94 <<LP3>> -19750 1500 0 1875 1000;
5 16 L 0 11;
94 <<L0>> 750 0 64 1275 1000;
5 16 LP 4 11;
94 <<LP4>> -3250 -2000 64 1875 1000;
5 16 B 2 11;
94 <<B2>> -33750 -5000 64 1275 1000;
5 16 B 3 11;
94 <<B3>> -21750 -5000 64 1275 1000;
5 16 R 2 11;
94 <<R2>> 11500 -5000 64 1275 1000;
5 16 B 4 11;
94 <<B4>> -4750 -9000 64 1275 1000;
5 16 LT 3 11;
94 <<LT3>> -13250 -10000 64 1875 1000;
5 16 LP 5 11;
94 <<LP5>> -32250 -12000 64 1875 1000;
5 16 LP 6 11;
94 <<LP6>> -20250 -12000 64 1875 1000;
5 16 B 5 11;
94 <<B5>> -9750 -12250 0 1275 1000;
5 16 LP 7 11;
94 <<LP7>> -2750 -12500 0 1875 1000;
5 16 LP 8 11;
94 <<LP8>> 1250 -12500 0 1875 1000;
5 16 LT 4 11;
94 <<LT4>> 5250 -12500 0 1875 1000;
5 16 LP 9 11;
94 <<LP9>> 13250 -12500 0 1875 1000;
5 16 LT 5 11;
94 <<LT5>> 17250 -12500 0 1875 1000;
5 16 B 6 11;
94 <<B6>> 3250 -19000 64 1275 1000;
5 16 B 7 11;
94 <<B7>> 15250 -19000 64 1275 1000;
5 16 LP 10 11;
94 <<LP10>> 4750 -26000 64 2250 1000;
5 16 LP 11 11;
94 <<LP11>> 16750 -26000 64 2025 1000;
L MODL;
5 16 B 0 1;
94 <<jjr>> -3250 11250 64 1725 1000;
5 16 B 1 1;
94 <<jjr>> -1250 9250 0 1725 1000;
5 16 B 2 1;
94 <<jjr>> -30250 -4750 0 1725 1000;
5 16 B 3 1;
94 <<jjr>> -18250 -4750 0 1725 1000;
5 16 B 4 1;
94 <<jjr>> -1250 -8750 0 1725 1000;
5 16 B 5 1;
94 <<jjr>> -4250 -15750 64 1725 1000;
5 16 B 6 1;
94 <<jjr>> 6750 -18750 0 1725 1000;
5 16 B 7 1;
94 <<jjr>> 18750 -18750 0 1725 1000;
L VALU;
5 16 LP 0 2;
94 <<1.05pH>> 750 12750 64 3075 1000;
5 16 R 0 2;
94 <<28>> -26750 10250 0 1275 1000;
5 16 LT 0 2;
94 <<1.50pH>> -11500 9250 0 3075 1000;
5 16 R 1 2;
94 <<32>> 6250 9250 0 1275 1000;
5 16 LP 1 2;
94 <<0.17pH>> -6500 1250 0 3075 1000;
5 16 L 0 2;
94 <<4.52pH>> 2750 250 0 3300 1000;
5 16 LT 1 2;
94 <<1.97pH>> -34250 -1250 64 3075 1000;
5 16 LP 2 2;
94 <<1.37pH>> -28250 -1250 64 3075 1000;
5 16 LT 2 2;
94 <<1.87pH>> -21250 -1250 64 3075 1000;
5 16 LP 3 2;
94 <<1.00pH>> -16250 -1250 64 3075 1000;
5 16 LP 4 2;
94 <<0.11pH>> -6500 -2750 0 2850 1000;
5 16 R 2 2;
94 <<38>> 14250 -4750 0 1275 1000;
5 16 LT 3 2;
94 <<1.44pH>> -11500 -9750 0 3075 1000;
5 16 LP 5 2;
94 <<0.20pH>> -30500 -11750 0 3300 1000;
5 16 LP 6 2;
94 <<0.15pH>> -18500 -11750 0 3075 1000;
5 16 LP 7 2;
94 <<1.16pH>> 750 -15250 64 2850 1000;
5 16 LP 8 2;
94 <<2.38pH>> 4750 -15250 64 3300 1000;
5 16 LT 4 2;
94 <<3.09pH>> 11750 -15250 64 3300 1000;
5 16 LP 9 2;
94 <<1.26pH>> 15750 -15250 64 3075 1000;
5 16 LT 5 2;
94 <<1.26pH>> 23750 -15250 64 3075 1000;
5 16 LP 10 2;
94 <<0.20pH>> 6500 -25750 0 3300 1000;
5 16 LP 11 2;
94 <<0.20pH>> 18500 -25750 0 3300 1000;
L PARM;
5 16 B 0 3;
94 <<area=.20>> -9750 11250 0 4425 1000;
5 16 B 1 3;
94 <<area=.30>> -8250 5750 0 4425 1000;
5 16 B 2 3;
94 <<area=.25>> -30250 -6250 0 4425 1000;
5 16 B 3 3;
94 <<area=.25>> -18250 -6250 0 4425 1000;
5 16 B 4 3;
94 <<area=.25>> -9250 -8250 0 4425 1000;
5 16 B 5 3;
94 <<area=.15>> -11750 -16750 0 4200 1000;
5 16 B 6 3;
94 <<area=.20>> 6750 -20250 0 4425 1000;
5 16 B 7 3;
94 <<area=.25>> 18750 -20250 0 4425 1000;
L NODE;
5 16 @ 0 11;
94 <<vbias>> -28750 17450 0 2775 1000;
5 16 @ 1 11;
94 <<vbias>> 7250 6450 0 2775 1000;
DF;
E
* Generated by Xic from cell tff_il
B0 4 3 2 jjr area=.20
B1 3 9 8 jjr area=.30
B2 12 15 14 jjr area=.25
B3 13 17 16 jjr area=.25
B4 18 21 20 jjr area=.25
B5 22 21 23 jjr area=.15
B6 24 28 27 jjr area=.20
B7 25 30 29 jjr area=.25
L0 5 10 4.52pH
LP0 3 5 1.05pH
LP1 9 0 0.17pH
LP2 12 6 1.37pH
LP3 13 7 1.00pH
LP4 0 18 0.11pH
LP5 15 0 0.20pH
LP6 17 0 0.15pH
LP7 21 10 1.16pH
LP8 10 24 2.38pH
LP9 19 25 1.26pH
LP10 28 0 0.20pH
LP11 30 0 0.20pH
LT0 4 7 1.50pH
LT1 in 12 1.97pH
LT2 6 13 1.87pH
LT3 7 22 1.44pH
LT4 24 19 3.09pH
LT5 25 out 1.26pH
R0 vbias 6 28
R1 5 vbias 32
R2 vbias 19 38
.model jjr jj(rtype=1, cct=1, icon=10m, vg=2.8m, delv=0.08m,
+ icrit=1m, vshunt=0.5mV cap=1.31p)

