(Symbol tff_jj);
($Id:$);
(PHYSICAL);
(RESOLUTION 1000);
9 tff_jj;
DS 0 1 1;
DF;
E
(ELECTRICAL);
(RESOLUTION 1000);
5 10 2 2 -20000:-13000 20000:27000 vbias 0 0 0 ?;
5 10 10 1 14000:-8000 -5000:24000 Q 0 0 0 ?;
5 10 3 0 -30000:-17000 10000:24000 T 0 0 0 ?;
5 18 1
  L SCED:
  W 0 -13000 27000 -13000 26000:
  W 0 -17000 24000 -16000 24000:
  W 0 -9000 24000 -8000 24000:
  L ETC1:
  B 7000 4000 -12500 24000:
  L ETC2:
  94 <<TFF>> -15000 22000 0 4919 2755:
  L MODL:
  94 <<noL>> -11000 22000 0 2126 1190:
  L VALU:
  94 <<vbias>> -14000 25000 0 1898 718:
  94 <<T>> -16000 24000 0 462 718:
  94 <<QN>> -10000 24000 0 872 718:
  L PARM:
  94 <<new>> -14000 24000 0 2400 1344:
;
5 11 X 0 subckt;
9 tff_jj;
DS 0 1 1;
(SymbolCall 4jj);
5 10 6 0 -6000 -5000 X2+ 0 0 0 ?;
5 10 9 1 4000 -5000 X2- 0 0 0 ?;
5 3 jjarea=0.2;
5 11 X 2 subckt;
1 Bound -6000 -7000 4000 -3000;
( Rotate 90 );
9 4jj;
C 0 R 0 1 T 4000 4000;
(SymbolCall 4jj);
5 10 9 0 4000 -5000 X3+ 0 0 0 ?;
5 10 10 1 14000 -5000 X3- 0 0 0 ?;
5 11 X 3 subckt;
5 3 jjarea=0.5;
1 Bound 4000 -7000 14000 -3000;
( Rotate 90 );
9 4jj;
C 0 R 0 1 T 14000 4000;
(SymbolCall 4jj);
5 10 3 0 -30000 10000 X0+ 0 0 0 ?;
5 10 1 1 -20000 10000 X0- 0 0 0 ?;
5 3 jjarea=0.5;
5 11 X 0 subckt;
1 Bound -30000 8000 -20000 12000;
( Rotate 90 );
9 4jj;
C 0 R 0 1 T -20000 19000;
(SymbolCall 4jj);
5 10 1 0 -20000 10000 X1+ 0 0 0 ?;
5 10 4 1 -10000 10000 X1- 0 0 0 ?;
5 3 jjarea=0.5;
5 11 X 1 subckt;
1 Bound -20000 8000 -10000 12000;
( Rotate 90 );
9 4jj;
C 0 R 0 1 T -10000 19000;
(SymbolCall res);
5 10 6 1 -11000 -5000 R1- 0 0 0 ?;
5 10 2 0 -11000 5000 R1+ 0 0 0 ?;
5 15 -12000 4000 0 -1 "<v>/<value>O";
5 2 100;
5 11 R 1;
1 Bound -12250 -5000 -10000 5000;
9 res;
C 0 T -11000 5000;
(SymbolCall res);
5 10 1 1 -20000 10000 R0- 0 0 0 ?;
5 10 2 0 -20000 20000 R0+ 0 0 0 ?;
5 15 -21000 19000 0 -1 "<v>/<value>O";
5 2 55;
5 11 R 0;
1 Bound -21250 10000 -19000 20000;
9 res;
C 0 T -20000 20000;
(SymbolCall jj);
5 10 7 2 -7000 3000;
5 10 6 1 -6000 -5000 B1- 0 0 0 ?;
5 10 4 0 -6000 5000 B1+ 0 0 0 ?;
5 3 area=.15;
5 1 jjr;
5 11 B 1;
1 Bound -7500 -5000 -4500 5000;
9 jj;
C 0 T -7000 -5000;
(SymbolCall jj);
5 10 8 2 3000 3000;
5 10 9 1 4000 -5000 B2- 0 0 0 ?;
5 10 4 0 4000 5000 B2+ 0 0 0 ?;
5 11 B 2;
5 1 jjr;
5 3 area=.15;
1 Bound 2500 -5000 5500 5000;
9 jj;
C 0 T 3000 -5000;
(SymbolCall jj);
5 10 11 2 -7000 -7000;
5 10 0 1 -6000 -15000 B3- 0 0 0 ?;
5 10 6 0 -6000 -5000 B3+ 0 0 0 ?;
5 3 area=.20;
5 1 jjr;
5 11 B 3;
1 Bound -7500 -15000 -4500 -5000;
9 jj;
C 0 T -7000 -15000;
(SymbolCall jj);
5 10 12 2 3000 -7000;
5 10 0 1 4000 -15000 B4- 0 0 0 ?;
5 10 9 0 4000 -5000 B4+ 0 0 0 ?;
5 3 area=.20;
5 11 B 4;
5 1 jjr;
1 Bound 2500 -15000 5500 -5000;
9 jj;
C 0 T 3000 -15000;
(SymbolCall jj);
5 10 5 2 -21000 8000;
5 10 0 1 -20000 0 B0- 0 0 0 ?;
5 10 1 0 -20000 10000 B0+ 0 0 0 ?;
5 3 area=.25;
5 11 B 0;
5 1 jjr;
1 Bound -21500 0 -18500 10000;
9 jj;
C 0 T -21000 0;
(SymbolCall gnd);
5 10 0 0 -6000 -15000;
1 Bound -7000 -17600 -5000 -15000;
9 gnd;
C 0 T -7000 -16000;
(SymbolCall gnd);
5 10 0 0 4000 -15000;
1 Bound 3000 -17600 5000 -15000;
9 gnd;
C 0 T 3000 -16000;
(SymbolCall gnd);
5 10 0 0 -20000 0;
1 Bound -21000 -2600 -19000 0;
9 gnd;
C 0 T -21000 -1000;
L SCED;
5 10 2 0 0 0;
W2 0 -11000 5000 -11000 20000 -20000 20000;
5 10 4 0 0 0;
W2 0 -10000 10000 -6000 10000 -6000 5000 4000 5000;
5 10 6 0 0 0;
W2 0 -11000 -5000 -6000 -5000;
L NAME;
5 16 R 0 11;
94 <<R0>> -21500 15000 64 1275 1000;
5 16 X 0 11;
94 <<X0>> -29750 12250 0 1275 1000;
5 16 X 1 11;
94 <<X1>> -19750 12250 0 1050 1000;
5 16 B 0 11;
94 <<B0>> -21750 5000 64 1275 1000;
5 16 R 1 11;
94 <<R1>> -12500 0 64 1050 1000;
5 16 B 1 11;
94 <<B1>> -7750 0 64 1050 1000;
5 16 B 2 11;
94 <<B2>> 2250 0 64 1275 1000;
5 16 X 2 11;
94 <<X2>> -5750 -2750 0 1275 1000;
5 16 X 3 11;
94 <<X3>> 4250 -2750 0 1275 1000;
5 16 B 3 11;
94 <<B3>> -7750 -10000 64 1275 1000;
L MODL;
5 16 B 0 1;
94 <<jjr>> -18250 5250 0 1725 1000;
5 16 B 1 1;
94 <<jjr>> -4250 250 0 1725 1000;
5 16 B 2 1;
94 <<jjr>> 5750 250 0 1725 1000;
5 16 B 3 1;
94 <<jjr>> -4250 -9750 0 1725 1000;
5 16 B 4 1;
94 <<jjr>> 5750 -9750 0 1725 1000;
L VALU;
5 16 R 0 2;
94 <<55>> -18750 15250 0 1275 1000;
5 16 R 1 2;
94 <<100>> -10750 -2750 0 1650 1000;
L PARM;
5 16 X 0 3;
94 <<jjarea=0.5>> -27750 6750 0 5475 1000;
5 16 X 1 3;
94 <<jjarea=0.5>> -16750 6750 0 5475 1000;
5 16 B 0 3;
94 <<area=.25>> -18250 3750 0 4425 1000;
5 16 B 1 3;
94 <<area=.15>> -4250 -1250 0 4200 1000;
5 16 B 2 3;
94 <<area=.15>> 5750 -1250 0 4200 1000;
5 16 X 2 3;
94 <<jjarea=0.2>> -3750 -8250 0 5475 1000;
5 16 X 3 3;
94 <<jjarea=0.5>> 7250 -8250 0 5475 1000;
5 16 B 3 3;
94 <<area=.20>> -4250 -11250 0 4425 1000;
5 16 B 4 3;
94 <<area=.20>> 5750 -11250 0 4425 1000;
DF;
E
