(Symbol tff_jj_old);
($Id:$);
(xic 3.2.7 FreeBSD7 04/21/2010 22:20 GMT);
(PHYSICAL);
(RESOLUTION 1000);
( CREATED 4/21/2010 22:20:22, MODIFIED 4/21/2010 22:20:22 );
9 tff_jj_old;
DS 0 1 1;
DF;
E
(ELECTRICAL);
(RESOLUTION 1000);
5 10 2 3 12000:-10000 26000:27000 vn 0 0 0 ?;
5 10 7 2 -20000:-15000 20000:27000 vbias 0 0 0 ?;
5 10 11 1 12000:-8000 10000:24000 Q 0 0 0 ?;
5 10 10 0 -40000:-17000 10000:24000 T 0 0 0 ?;
5 18 1
  L SCED:
  W 0 -15000 27000 -15000 26000:
  W 0 -10000 27000 -10000 26000:
  W 0 -17000 24000 -16000 24000:
  W 0 -9000 24000 -8000 24000:
  L ETC1:
  B 7000 4000 -12500 24000:
  L ETC2:
  94 <<TFF>> -15000 22000 0 4919 2755:
  L MODL:
  94 <<noL>> -11000 22000 0 2126 1190:
  L VALU:
  94 <<vbias>> -16000 25000 0 1898 718:
  94 <<vn>> -10000 25000 0 872 718:
  94 <<T>> -16000 24000 0 462 718:
  94 <<QN>> -10000 24000 0 872 718:
  L PARM:
  94 <<old>> -14000 24000 0 2439 1626:
;
5 11 X 0 subckt;
9 tff_jj_old;
DS 0 1 1;
(SymbolCall gnd);
5 10 0 0 16000 20000;
1 Bound 15000 17400 17000 20000;
9 gnd;
C 0 T 15000 19000;
(SymbolCall gnd);
5 10 0 0 -10000 -14000;
1 Bound -11000 -16600 -9000 -14000;
9 gnd;
C 0 T -11000 -15000;
(SymbolCall gnd);
5 10 0 0 -20000 0;
1 Bound -21000 -2600 -19000 0;
9 gnd;
C 0 T -21000 -1000;
(SymbolCall gnd);
5 10 0 0 -30000 0;
1 Bound -31000 -2600 -29000 0;
9 gnd;
C 0 T -31000 -1000;
(SymbolCall jj);
5 10 5 2 4000 19000;
5 10 0 1 12000 20000 B1- 0 0 0 ?;
5 10 1 0 2000 20000 B1+ 0 0 0 ?;
5 3 area=.22;
5 11 B 1;
5 1 jjr;
1 Bound 2000 18500 12000 21500;
( Rotate 90 );
9 jj;
C 0 R 0 1 T 12000 19000;
(SymbolCall jj);
5 10 13 2 -21000 8000;
5 10 0 1 -20000 0 B3- 0 0 0 ?;
5 10 8 0 -20000 10000 B3+ 0 0 0 ?;
5 11 B 3;
5 3 area=.43;
5 1 jjr;
1 Bound -21500 0 -18500 10000;
9 jj;
C 0 T -21000 0;
(SymbolCall jj);
5 10 12 2 -31000 8000;
5 10 0 1 -30000 0 B2- 0 0 0 ?;
5 10 6 0 -30000 10000 B2+ 0 0 0 ?;
5 3 area=.30;
5 1 jjr;
5 11 B 2;
1 Bound -31500 0 -28500 10000;
9 jj;
C 0 T -31000 0;
(SymbolCall jj);
5 10 15 2 -11000 -6000;
5 10 0 1 -10000 -14000 B5- 0 0 0 ?;
5 10 9 0 -10000 -4000 B5+ 0 0 0 ?;
5 1 jjr;
5 3 area=.31;
5 11 B 5;
1 Bound -11500 -14000 -8500 -4000;
9 jj;
C 0 T -11000 -14000;
(SymbolCall jj);
5 10 3 2 -8000 19000;
5 10 1 1 0 20000 B0- 0 0 0 ?;
5 10 4 0 -10000 20000 B0+ 0 0 0 ?;
5 3 area=.29;
5 1 jjr;
5 11 B 0;
1 Bound -10000 18500 0 21500;
( Rotate 90 );
9 jj;
C 0 R 0 1 T 0 19000;
(SymbolCall jj);
5 10 14 2 -11000 4000;
5 10 9 1 -10000 -4000 B4- 0 0 0 ?;
5 10 4 0 -10000 6000 B4+ 0 0 0 ?;
5 1 jjr;
5 3 area=.31;
5 11 B 4;
1 Bound -11500 -4000 -8500 6000;
9 jj;
C 0 T -11000 -4000;
(SymbolCall res);
5 10 1 1 2000 26000 R0- 0 0 0 ?;
5 10 2 0 12000 26000 R0+ 0 0 0 ?;
5 15 11000 27000 -1 0 "<v>/<value>O";
5 2 154;
5 11 R 0;
1 Bound 2000 25000 12000 27250;
( Rotate 270 );
9 res;
C 0 R 0 -1 T 12000 26000;
(SymbolCall res);
5 10 8 1 -20000 10000 R2- 0 0 0 ?;
5 10 7 0 -20000 20000 R2+ 0 0 0 ?;
5 15 -21000 19000 0 -1 "<v>/<value>O";
5 2 30;
5 11 R 2;
1 Bound -21250 10000 -19000 20000;
9 res;
C 0 T -20000 20000;
(SymbolCall res);
5 10 9 1 -3000 5000 R3- 0 0 0 ?;
5 10 7 0 -3000 15000 R3+ 0 0 0 ?;
5 15 -4000 14000 0 -1 "<v>/<value>O";
5 2 40;
5 11 R 3;
1 Bound -4250 5000 -2000 15000;
9 res;
C 0 T -3000 15000;
(SymbolCall res);
5 10 6 1 -30000 10000 R1- 0 0 0 ?;
5 10 7 0 -30000 20000 R1+ 0 0 0 ?;
5 15 -31000 19000 0 -1 "<v>/<value>O";
5 2 48;
5 11 R 1;
1 Bound -31250 10000 -29000 20000;
9 res;
C 0 T -30000 20000;
(SymbolCall 4jj);
5 10 8 0 -20000 10000 X2+ 0 0 0 ?;
5 10 4 1 -10000 10000 X2- 0 0 0 ?;
5 3 jjarea=0.8;
5 11 X 2 subckt;
1 Bound -20000 8000 -10000 12000;
( Rotate 90 );
9 4jj;
C 0 R 0 1 T -10000 19000;
(SymbolCall 4jj);
5 10 10 0 -40000 10000 X0+ 0 0 0 ?;
5 10 6 1 -30000 10000 X0- 0 0 0 ?;
5 3 jjarea=0.5;
5 11 X 0 subckt;
1 Bound -40000 8000 -30000 12000;
( Rotate 90 );
9 4jj;
C 0 R 0 1 T -30000 19000;
(SymbolCall 4jj);
5 10 1 0 2000 8000 X4+ 0 0 0 ?;
5 10 9 1 2000 -2000 X4- 0 0 0 ?;
5 3 jjarea=0.3;
5 11 X 4 subckt;
1 Bound 0 -2000 4000 8000;
9 4jj;
C 0 T 11000 -2000;
(SymbolCall 4jj);
5 10 6 0 -30000 10000 X1+ 0 0 0 ?;
5 10 8 1 -20000 10000 X1- 0 0 0 ?;
5 3 jjarea=0.5;
5 11 X 1 subckt;
1 Bound -30000 8000 -20000 12000;
( Rotate 90 );
9 4jj;
C 0 R 0 1 T -20000 19000;
(SymbolCall 4jj);
5 10 1 0 2000 10000 X3+ 0 0 0 ?;
5 10 11 1 12000 10000 X3- 0 0 0 ?;
5 3 jjarea=0.5;
5 11 X 3 subckt;
1 Bound 2000 8000 12000 12000;
( Rotate 90 );
9 4jj;
C 0 R 0 1 T 12000 19000;
L SCED;
5 10 1 0 0 0;
W2 0 2000 26000 2000 20000;
5 10 7 0 0 0;
W2 0 -30000 20000 -20000 20000 -15000 20000 -15000 15000 -3000 15000;
5 10 4 0 0 0;
W2 0 -10000 20000 -10000 10000 -10000 6000;
5 10 1 0 0 0;
W2 0 0 20000 2000 20000 2000 10000 2000 8000;
5 10 0 0 0 0;
W2 0 12000 20000 16000 20000;
5 10 9 0 0 0;
W2 0 -3000 5000 -3000 -4000;
5 10 9 0 0 0;
W2 0 2000 -2000 2000 -4000 -3000 -4000 -10000 -4000;
L ETC1;
94 <<0.25mA>> -5000 -6000 0 5196 1653;
L NAME;
5 16 R 0 11;
94 <<R0>> 2250 27500 0 1275 1000;
5 16 B 0 11;
94 <<B0>> -9750 21750 0 1275 1000;
5 16 B 1 11;
94 <<B1>> 4250 21750 0 1050 1000;
5 16 R 1 11;
94 <<R1>> -31500 15000 64 1050 1000;
5 16 R 2 11;
94 <<R2>> -21500 15000 64 1275 1000;
5 16 X 0 11;
94 <<X0>> -39750 12250 0 1275 1000;
5 16 X 1 11;
94 <<X1>> -29750 12250 0 1050 1000;
5 16 X 2 11;
94 <<X2>> -19750 12250 0 1275 1000;
5 16 X 3 11;
94 <<X3>> 2250 12250 0 1275 1000;
5 16 R 3 11;
94 <<R3>> -4500 10000 64 1275 1000;
5 16 B 2 11;
94 <<B2>> -31750 5000 64 1275 1000;
5 16 B 3 11;
94 <<B3>> -21750 5000 64 1275 1000;
5 16 X 4 11;
94 <<X4>> -250 3000 64 1275 1000;
5 16 B 4 11;
94 <<B4>> -11750 1000 64 1275 1000;
5 16 B 5 11;
94 <<B5>> -11750 -9000 64 1275 1000;
L MODL;
5 16 B 0 1;
94 <<jjr>> -250 17250 64 1725 1000;
5 16 B 1 1;
94 <<jjr>> 11750 17250 64 1725 1000;
5 16 B 2 1;
94 <<jjr>> -28250 5250 0 1725 1000;
5 16 B 3 1;
94 <<jjr>> -18250 5250 0 1725 1000;
5 16 B 4 1;
94 <<jjr>> -8250 1250 0 1725 1000;
5 16 B 5 1;
94 <<jjr>> -8250 -8750 0 1725 1000;
L VALU;
5 16 R 0 2;
94 <<154>> 11750 23750 64 1650 1000;
5 16 R 1 2;
94 <<48>> -28750 15250 0 1275 1000;
5 16 R 2 2;
94 <<30>> -18750 15250 0 1275 1000;
5 16 R 3 2;
94 <<40>> -1750 10250 0 1275 1000;
L PARM;
5 16 B 0 3;
94 <<area=.29>> -7750 17250 0 4425 1000;
5 16 B 1 3;
94 <<area=.22>> 4250 17250 0 4425 1000;
5 16 X 0 3;
94 <<jjarea=0.5>> -36750 6750 0 5475 1000;
5 16 X 1 3;
94 <<jjarea=0.5>> -27750 6750 0 5475 1000;
5 16 X 2 3;
94 <<jjarea=0.8>> -16750 6750 0 5475 1000;
5 16 X 3 3;
94 <<jjarea=0.5>> 5250 6750 0 5475 1000;
5 16 B 2 3;
94 <<area=.30>> -28250 3750 0 4425 1000;
5 16 B 3 3;
94 <<area=.43>> -18250 3750 0 4425 1000;
5 16 X 4 3;
94 <<jjarea=0.3>> 4250 1750 0 5475 1000;
5 16 B 4 3;
94 <<area=.31>> -8250 -250 0 4200 1000;
5 16 B 5 3;
94 <<area=.31>> -8250 -10250 0 4200 1000;
DF;
E
* Generated by Xic from cell tff_jj
B0 4 1 3 jjr area=.29
B1 1 0 5 jjr area=.22
B2 6 0 12 jjr area=.30
B3 8 0 13 jjr area=.43
B4 4 9 14 jjr area=.31
B5 9 0 15 jjr area=.31
R0 vn 1 154
R1 vbias 6 48
R2 vbias 8 30
R3 vbias 9 40
X0 T 6 4jj jjarea=0.5
X1 6 8 4jj jjarea=0.5
X2 8 4 4jj jjarea=0.8
X3 1 Q 4jj jjarea=0.5
X4 1 9 4jj jjarea=0.3
.subckt 4jj + - jjarea=1
B0 + 2 1 jjr area=jjarea
B1 2 5 4 jjr area=jjarea
B2 5 7 6 jjr area=jjarea
B3 7 - 8 jjr area=jjarea
.ends 4jj
.model jjr jj(rtype=1, cct=1, icon=10m, vg=2.8m, delv=0.08m,
+ icrit=1m, vshunt=0.5mV cap=1.31p)

