(Symbol tldrvr);
($Id:$);
(xic 3.2.2 FreeBSD7 12/17/2009 23:23 GMT);
(PHYSICAL);
(RESOLUTION 1000);
( CREATED 12/17/2009 23:23:4, MODIFIED 12/17/2009 23:23:4 );
9 tldrvr;
DS 0 1 1;
DF;
E
(ELECTRICAL);
(RESOLUTION 1000);
5 10 11 2 -8000:-8000 22000:17000 vbias 0 0 0 ?;
5 10 6 1 12000:-3000 5000:14000 out 0 0 0 ?;
5 10 10 0 -28000:-12000 5000:14000 in 0 0 0 ?;
5 18 1
  L SCED:
  W 0 -8000 16000 -8000 17000:
  W 0 -11000 14000 -12000 14000:
  W 0 -4000 14000 -3000 14000:
  L ETC1:
  B 7000 4000 -7500 14000:
  L ETC2:
  94 <<TLDRVR>> -10000 12000 0 5390 1540:
  L VALU:
  94 <<vbias>> -9000 15000 0 2403 909:
  94 <<in>> -11000 14000 0 844 909:
  94 <<out>> -4000 14000 64 1559 909:
;
5 11 X 0 subckt;
9 tldrvr;
DS 0 1 1;
(SymbolCall res);
5 10 7 1 -8000 12000 R0- 0 0 0 ?;
5 10 11 0 -8000 22000 R0+ 0 0 0 ?;
5 15 -9000 21000 0 -1 "<v>/<value>O";
5 2 29;
5 11 R 0;
1 Bound -9250 12000 -7000 22000;
9 res;
C 0 T -8000 22000;
(SymbolCall res);
5 10 0 1 12000 -5000 R1- 0 0 0 ?;
5 10 6 0 12000 5000 R1+ 0 0 0 ?;
5 15 11000 4000 0 -1 "<v>/<value>O";
5 2 6;
5 11 R 1;
1 Bound 10750 -5000 13000 5000;
9 res;
C 0 T 12000 5000;
(SymbolCall gnd);
5 10 0 0 12000 -5000;
1 Bound 11000 -7600 13000 -5000;
9 gnd;
C 0 T 11000 -6000;
(SymbolCall gnd);
5 10 0 0 0 -9000;
1 Bound -1000 -11600 1000 -9000;
9 gnd;
C 0 T -1000 -10000;
(SymbolCall gnd);
5 10 0 0 -20000 -9000;
1 Bound -21000 -11600 -19000 -9000;
9 gnd;
C 0 T -21000 -10000;
(SymbolCall jj);
5 10 8 2 -1000 -1000;
5 10 0 1 0 -9000 B1- 0 0 0 ?;
5 10 4 0 0 1000 B1+ 0 0 0 ?;
5 1 jjr;
5 3 area=.25;
5 11 B 1;
1 Bound -1500 -9000 1500 1000;
9 jj;
C 0 T -1000 -9000;
(SymbolCall jj);
5 10 9 2 -21000 -1000;
5 10 0 1 -20000 -9000 B0- 0 0 0 ?;
5 10 5 0 -20000 1000 B0+ 0 0 0 ?;
5 1 jjr;
5 3 area=.25;
5 11 B 0;
1 Bound -21500 -9000 -18500 1000;
9 jj;
C 0 T -21000 -9000;
(SymbolCall ind1);
5 10 7 0 -8000 12000 LP0_0 0 0 0 ?;
5 10 3 1 -8000 8000 LP0_1 0 0 0 ?;
5 15 -7000 12000 0 -1;
5 2 0.13pH;
5 11 LP 0;
1 Bound -8000 8000 -6750 12000;
9 ind1;
C 0 T -9000 3000;
(SymbolCall ind1);
5 10 1 0 0 5000 LP2_0 0 0 0 ?;
5 10 4 1 0 1000 LP2_1 0 0 0 ?;
5 15 1000 5000 0 -1;
5 2 0.13pH;
5 11 LP 2;
1 Bound 0 1000 1250 5000;
9 ind1;
C 0 T -1000 -4000;
(SymbolCall ind1);
5 10 2 0 -20000 5000 LP1_0 0 0 0 ?;
5 10 5 1 -20000 1000 LP1_1 0 0 0 ?;
5 15 -19000 5000 0 -1;
5 2 0.13pH;
5 11 LP 1;
1 Bound -20000 1000 -18750 5000;
9 ind1;
C 0 T -21000 -4000;
(SymbolCall ind2);
5 10 1 0 4000 5000 LT3_0 0 0 0 ?;
5 10 6 1 12000 5000 LT3_1 0 0 0 ?;
5 15 5000 6000 1 0;
5 2 1.58pH;
5 11 LT 3;
1 Bound 4000 5000 12000 6250;
( Rotate 90 );
9 ind2;
C 0 R 0 1 T 14000 4000;
(SymbolCall ind2);
5 10 3 0 -8000 5000 LT2_0 0 0 0 ?;
5 10 1 1 0 5000 LT2_1 0 0 0 ?;
5 15 -7000 6000 1 0;
5 2 1.63pH;
5 11 LT 2;
1 Bound -8000 5000 0 6250;
( Rotate 90 );
9 ind2;
C 0 R 0 1 T 2000 4000;
(SymbolCall ind2);
5 10 2 0 -16000 5000 LT1_0 0 0 0 ?;
5 10 3 1 -8000 5000 LT1_1 0 0 0 ?;
5 15 -15000 6000 1 0;
5 2 1.58pH;
5 11 LT 1;
1 Bound -16000 5000 -8000 6250;
( Rotate 90 );
9 ind2;
C 0 R 0 1 T -6000 4000;
(SymbolCall ind2);
5 10 10 0 -28000 5000 LT0_0 0 0 0 ?;
5 10 2 1 -20000 5000 LT0_1 0 0 0 ?;
5 15 -27000 6000 1 0;
5 2 1.98pH;
5 11 LT 0;
1 Bound -28000 5000 -20000 6250;
( Rotate 90 );
9 ind2;
C 0 R 0 1 T -18000 4000;
L SCED;
5 10 3 0 0 0;
W2 0 -8000 8000 -8000 5000;
5 10 2 0 0 0;
W2 0 -20000 5000 -16000 5000;
5 10 1 0 0 0;
W2 0 0 5000 4000 5000;
L ETC1;
94 <<0.35mA>> -17000 14000 0 7217 2296;
L NAME;
5 16 R 0 11;
94 <<R0>> -9500 17000 64 1275 1000;
5 16 LP 0 11;
94 <<LP0>> -8250 10000 64 1875 1000;
5 16 LT 0 11;
94 <<LT0>> -27750 6500 0 1875 1000;
5 16 LT 1 11;
94 <<LT1>> -15750 6500 0 1650 1000;
5 16 LT 2 11;
94 <<LT2>> -7750 6500 0 1875 1000;
5 16 LT 3 11;
94 <<LT3>> 4250 6500 0 1875 1000;
5 16 LP 1 11;
94 <<LP1>> -20250 3000 64 1650 1000;
5 16 LP 2 11;
94 <<LP2>> -250 3000 64 1875 1000;
5 16 R 1 11;
94 <<R1>> 10500 0 64 1050 1000;
5 16 B 0 11;
94 <<B0>> -21750 -4000 64 1275 1000;
5 16 B 1 11;
94 <<B1>> -1750 -4000 64 1050 1000;
L MODL;
5 16 B 0 1;
94 <<jjr>> -18250 -3750 0 1725 1000;
5 16 B 1 1;
94 <<jjr>> 1750 -3750 0 1725 1000;
L VALU;
5 16 R 0 2;
94 <<29>> -6750 17250 0 1275 1000;
5 16 LP 0 2;
94 <<0.13pH>> -6500 10250 0 3075 1000;
5 16 LT 0 2;
94 <<1.98pH>> -20250 3750 64 3075 1000;
5 16 LT 1 2;
94 <<1.58pH>> -8250 3750 64 3075 1000;
5 16 LT 2 2;
94 <<1.63pH>> -250 3750 64 3075 1000;
5 16 LT 3 2;
94 <<1.58pH>> 11750 3750 64 3075 1000;
5 16 LP 1 2;
94 <<0.13pH>> -18500 3250 0 3075 1000;
5 16 LP 2 2;
94 <<0.13pH>> 1500 3250 0 3075 1000;
5 16 R 1 2;
94 <<6>> 13250 250 0 675 1000;
L PARM;
5 16 B 0 3;
94 <<area=.25>> -18250 -5250 0 4425 1000;
5 16 B 1 3;
94 <<area=.25>> 1750 -5250 0 4425 1000;
DF;
E
