(Symbol tldrvr_il);
($Id:$);
(xic 3.2.2 FreeBSD7 12/17/2009 19:26 GMT);
(PHYSICAL);
(RESOLUTION 1000);
( CREATED 12/17/2009 19:26:38, MODIFIED 12/17/2009 19:26:38 );
9 tldrvr_il;
DS 0 1 1;
DF;
E
(ELECTRICAL);
(RESOLUTION 1000);
5 10 11 2 -9000:-7000 15000:11000 vbias 0 0 0 ?;
5 10 9 1 17000:-3000 0:6000 out 0 0 0 ?;
5 10 10 0 -25000:-11000 0:6000 in 0 0 0 ?;
5 18 1
  L SCED:
  W 0 -7000 10000 -7000 11000:
  W 0 -10000 6000 -11000 6000:
  W 0 -4000 6000 -3000 6000:
  L ETC1:
  B 6000 6000 -7000 7000:
  L ETC2:
  94 <<TLDRVR>> -10000 7000 0 5635 1610:
  L MODL:
  94 <<IL>> -5000 4000 0 843 908:
  L VALU:
  94 <<vbias>> -8000 9000 0 2546 963:
  94 <<in>> -10000 6000 0 1211 1304:
  94 <<out>> -6000 6000 0 2236 1304:
;
5 11 X 0 subckt;
9 tldrvr_il;
DS 0 1 1;
(SymbolCall res);
5 10 9 1 17000 0 R1- 0 0 0 ?;
5 10 6 0 7000 0 R1+ 0 0 0 ?;
5 15 8000 -1000 1 0 "<v>/<value>O";
5 2 0.4;
5 11 R 1;
1 Bound 7000 -1250 17000 1000;
( Rotate 90 );
9 res;
C 0 R 0 1 T 7000 0;
(SymbolCall res);
5 10 1 1 -9000 5000 R0- 0 0 0 ?;
5 10 11 0 -9000 15000 R0+ 0 0 0 ?;
5 15 -10000 14000 0 -1 "<v>/<value>O";
5 2 32;
5 11 R 0;
1 Bound -10250 5000 -8000 15000;
9 res;
C 0 T -9000 15000;
(SymbolCall gnd);
5 10 0 0 -1000 -14000;
1 Bound -2000 -16600 0 -14000;
9 gnd;
C 0 T -2000 -15000;
(SymbolCall gnd);
5 10 0 0 -17000 -14000;
1 Bound -18000 -16600 -16000 -14000;
9 gnd;
C 0 T -18000 -15000;
(SymbolCall ind1);
5 10 2 0 -1000 -10000 LP1_0 0 0 0 ?;
5 10 0 1 -1000 -14000 LP1_1 0 0 0 ?;
5 15 0 -10000 0 -1;
5 2 0.23pH;
5 11 LP 1;
1 Bound -1000 -14000 250 -10000;
9 ind1;
C 0 T -2000 -19000;
(SymbolCall ind1);
5 10 3 0 -17000 -10000 LP0_0 0 0 0 ?;
5 10 0 1 -17000 -14000 LP0_1 0 0 0 ?;
5 15 -16000 -10000 0 -1;
5 2 0.20pH;
5 11 LP 0;
1 Bound -17000 -14000 -15750 -10000;
9 ind1;
C 0 T -18000 -19000;
(SymbolCall jj);
5 10 7 2 -2000 -2000;
5 10 2 1 -1000 -10000 B1- 0 0 0 ?;
5 10 4 0 -1000 0 B1+ 0 0 0 ?;
5 1 jjr4;
5 3 area=.275;
5 11 B 1;
1 Bound -2500 -10000 500 0;
9 jj;
C 0 T -2000 -10000;
(SymbolCall jj);
5 10 8 2 -18000 -2000;
5 10 3 1 -17000 -10000 B0- 0 0 0 ?;
5 10 5 0 -17000 0 B0+ 0 0 0 ?;
5 3 area=.25;
5 1 jjr;
5 11 B 0;
1 Bound -18500 -10000 -15500 0;
9 jj;
C 0 T -18000 -10000;
(SymbolCall ind2);
5 10 4 0 -1000 0 LT3_0 0 0 0 ?;
5 10 6 1 7000 0 LT3_1 0 0 0 ?;
5 15 0 1000 1 0;
5 2 1.79pH;
5 11 LT 3;
1 Bound -1000 0 7000 1250;
( Rotate 90 );
9 ind2;
C 0 R 0 1 T 9000 -1000;
(SymbolCall ind2);
5 10 1 0 -9000 0 LT2_0 0 0 0 ?;
5 10 4 1 -1000 0 LT2_1 0 0 0 ?;
5 15 -8000 1000 1 0;
5 2 1.78pH;
5 11 LT 2;
1 Bound -9000 0 -1000 1250;
( Rotate 90 );
9 ind2;
C 0 R 0 1 T 1000 -1000;
(SymbolCall ind2);
5 10 5 0 -17000 0 LT1_0 0 0 0 ?;
5 10 1 1 -9000 0 LT1_1 0 0 0 ?;
5 15 -16000 1000 1 0;
5 2 0.64pH;
5 11 LT 1;
1 Bound -17000 0 -9000 1250;
( Rotate 90 );
9 ind2;
C 0 R 0 1 T -7000 -1000;
(SymbolCall ind2);
5 10 10 0 -25000 0 LT0_0 0 0 0 ?;
5 10 5 1 -17000 0 LT0_1 0 0 0 ?;
5 15 -24000 1000 1 0;
5 2 2.0pH;
5 11 LT 0;
1 Bound -25000 0 -17000 1250;
( Rotate 90 );
9 ind2;
C 0 R 0 1 T -15000 -1000;
L SCED;
5 10 1 0 0 0;
W2 0 -9000 0 -9000 5000;
L ETC1;
94 <<.31mA>> -13000 3000 0 2966 1258;
L ETC2;
94 <<Beta-c is 4 here>> 0 -8000 322 8125 917;
94 <<Ilmenau values>> 2000 -15000 322 13837 1918;
L NAME;
5 16 R 0 11;
94 <<R0>> -10500 10000 64 1275 1000;
5 16 LT 0 11;
94 <<LT0>> -24750 1500 0 1875 1000;
5 16 LT 1 11;
94 <<LT1>> -16750 1500 0 1650 1000;
5 16 LT 2 11;
94 <<LT2>> -8750 1500 0 1875 1000;
5 16 LT 3 11;
94 <<LT3>> -750 1500 0 1875 1000;
5 16 R 1 11;
94 <<R1>> 7250 1250 0 1050 1000;
5 16 B 0 11;
94 <<B0>> -18750 -5000 64 1275 1000;
5 16 B 1 11;
94 <<B1>> -2750 -5000 64 1050 1000;
5 16 LP 0 11;
94 <<LP0>> -17250 -12000 64 1875 1000;
5 16 LP 1 11;
94 <<LP1>> -1250 -12000 64 1650 1000;
L MODL;
5 16 B 0 1;
94 <<jjr>> -15250 -4750 0 1725 1000;
5 16 B 1 1;
94 <<jjr4>> 750 -4750 0 2325 1000;
L VALU;
5 16 R 0 2;
94 <<32>> -7750 10250 0 1275 1000;
5 16 LT 0 2;
94 <<2.0pH>> -17250 -1250 64 2700 1000;
5 16 LT 1 2;
94 <<0.64pH>> -9250 -1250 64 3300 1000;
5 16 LT 2 2;
94 <<1.78pH>> -1250 -1250 64 3075 1000;
5 16 LT 3 2;
94 <<1.79pH>> 6750 -1250 64 3075 1000;
5 16 R 1 2;
94 <<0.4>> 16750 -2500 64 1500 1000;
5 16 LP 0 2;
94 <<0.20pH>> -15500 -11750 0 3300 1000;
5 16 LP 1 2;
94 <<0.23pH>> 500 -11750 0 3300 1000;
L PARM;
5 16 B 0 3;
94 <<area=.25>> -15250 -6250 0 4425 1000;
5 16 B 1 3;
94 <<area=.275>> 750 -6250 0 5025 1000;
DF;
E
* Generated by Xic from cell tldrvr_il
B0 5 3 8 jjr area=.25
B1 4 2 7 jjr4 area=.275
LP0 3 0 0.20pH
LP1 2 0 0.23pH
LT0 in 5 2.0pH
LT1 5 1 0.64pH
LT2 1 4 1.78pH
LT3 4 6 1.79pH
R0 vbias 1 32
R1 6 out 0.4
.model jjr4 jj(rtype=1, cct=1, icon=10m, vg=2.8m, delv=0.08m,
+ icrit=1m, vshunt=1.0mV cap=1.31p)

.model jjr jj(rtype=1, cct=1, icon=10m, vg=2.8m, delv=0.08m,
+ icrit=1m, vshunt=0.5mV cap=1.31p)

