(Symbol tlrcvr);
($Id:$);
(xic 3.2.2 FreeBSD7 12/17/2009 23:23 GMT);
(PHYSICAL);
(RESOLUTION 1000);
( CREATED 12/17/2009 23:23:4, MODIFIED 12/17/2009 23:23:4 );
9 tlrcvr;
DS 0 1 1;
DF;
E
(ELECTRICAL);
(RESOLUTION 1000);
5 10 5 2 -7000:-3000 12000:7000 vbias 0 0 0 ?;
5 10 14 1 17000:2000 -5000:4000 out 0 0 0 ?;
5 10 15 0 -23000:-7000 -5000:4000 in 0 0 0 ?;
5 18 1
  L SCED:
  W 0 -3000 7000 -3000 6000:
  W 0 -7000 4000 -6000 4000:
  W 0 1000 4000 2000 4000:
  L ETC1:
  B 7000 4000 -2500 4000:
  L ETC2:
  94 <<TLRCVR>> -5000 2000 0 5390 1540:
  L VALU:
  94 <<vbias>> -4000 5000 0 2403 909:
  94 <<in>> -6000 4000 0 844 909:
  94 <<out>> 1000 4000 64 1559 909:
;
5 11 X 0 subckt;
9 tlrcvr;
DS 0 1 1;
(SymbolCall res);
5 10 9 1 9000 2000 R1- 0 0 0 ?;
5 10 5 0 9000 12000 R1+ 0 0 0 ?;
5 15 8000 11000 0 -1 "<v>/<value>O";
5 2 56;
5 11 R 1;
1 Bound 7750 2000 10000 12000;
9 res;
C 0 T 9000 12000;
(SymbolCall res);
5 10 10 1 -7000 2000 R0- 0 0 0 ?;
5 10 5 0 -7000 12000 R0+ 0 0 0 ?;
5 15 -8000 11000 0 -1 "<v>/<value>O";
5 2 53;
5 11 R 0;
1 Bound -8250 2000 -6000 12000;
9 res;
C 0 T -7000 12000;
(SymbolCall gnd);
5 10 0 0 9000 -23000;
1 Bound 8000 -25600 10000 -23000;
9 gnd;
C 0 T 8000 -24000;
(SymbolCall gnd);
5 10 0 0 1000 -23000;
1 Bound 0 -25600 2000 -23000;
9 gnd;
C 0 T 0 -24000;
(SymbolCall gnd);
5 10 0 0 -15000 -23000;
1 Bound -16000 -25600 -14000 -23000;
9 gnd;
C 0 T -16000 -24000;
(SymbolCall jj);
5 10 11 2 8000 -15000;
5 10 0 1 9000 -23000 B2- 0 0 0 ?;
5 10 6 0 9000 -13000 B2+ 0 0 0 ?;
5 3 area=.25;
5 1 jjr;
5 11 B 2;
1 Bound 7500 -23000 10500 -13000;
9 jj;
C 0 T 8000 -23000;
(SymbolCall jj);
5 10 12 2 0 -15000;
5 10 0 1 1000 -23000 B1- 0 0 0 ?;
5 10 7 0 1000 -13000 B1+ 0 0 0 ?;
5 3 area=.14;
5 1 jjr;
5 11 B 1;
1 Bound -500 -23000 2500 -13000;
9 jj;
C 0 T 0 -23000;
(SymbolCall jj);
5 10 13 2 -16000 -15000;
5 10 0 1 -15000 -23000 B0- 0 0 0 ?;
5 10 8 0 -15000 -13000 B0+ 0 0 0 ?;
5 3 area=.12;
5 1 jjr;
5 11 B 0;
1 Bound -16500 -23000 -13500 -13000;
9 jj;
C 0 T -16000 -23000;
(SymbolCall ind1);
5 10 9 0 9000 2000 LP1_0 0 0 0 ?;
5 10 3 1 9000 -2000 LP1_1 0 0 0 ?;
5 15 10000 2000 0 -1;
5 2 0.13pH;
5 11 LP 1;
1 Bound 9000 -2000 10250 2000;
9 ind1;
C 0 T 8000 -7000;
(SymbolCall ind1);
5 10 3 0 9000 -9000 LP4_0 0 0 0 ?;
5 10 6 1 9000 -13000 LP4_1 0 0 0 ?;
5 15 10000 -9000 0 -1;
5 2 0.13pH;
5 11 LP 4;
1 Bound 9000 -13000 10250 -9000;
9 ind1;
C 0 T 8000 -18000;
(SymbolCall ind1);
5 10 10 0 -7000 2000 LP0_0 0 0 0 ?;
5 10 4 1 -7000 -2000 LP0_1 0 0 0 ?;
5 15 -6000 2000 0 -1;
5 2 0.13pH;
5 11 LP 0;
1 Bound -7000 -2000 -5750 2000;
9 ind1;
C 0 T -8000 -7000;
(SymbolCall ind1);
5 10 1 0 1000 -9000 LP3_0 0 0 0 ?;
5 10 7 1 1000 -13000 LP3_1 0 0 0 ?;
5 15 2000 -9000 0 -1;
5 2 0.13pH;
5 11 LP 3;
1 Bound 1000 -13000 2250 -9000;
9 ind1;
C 0 T 0 -18000;
(SymbolCall ind1);
5 10 2 0 -15000 -9000 LP2_0 0 0 0 ?;
5 10 8 1 -15000 -13000 LP2_1 0 0 0 ?;
5 15 -14000 -9000 0 -1;
5 2 0.13pH;
5 11 LP 2;
1 Bound -15000 -13000 -13750 -9000;
9 ind1;
C 0 T -16000 -18000;
(SymbolCall ind2);
5 10 3 0 9000 -5000 LT4_0 0 0 0 ?;
5 10 14 1 17000 -5000 LT4_1 0 0 0 ?;
5 15 10000 -4000 1 0;
5 2 1.98pH;
5 11 LT 4;
1 Bound 9000 -5000 17000 -3750;
( Rotate 90 );
9 ind2;
C 0 R 0 1 T 19000 -6000;
(SymbolCall ind2);
5 10 1 0 1000 -5000 LT3_0 0 0 0 ?;
5 10 3 1 9000 -5000 LT3_1 0 0 0 ?;
5 15 2000 -4000 1 0;
5 2 4.77pH;
5 11 LT 3;
1 Bound 1000 -5000 9000 -3750;
( Rotate 90 );
9 ind2;
C 0 R 0 1 T 11000 -6000;
(SymbolCall ind2);
5 10 4 0 -7000 -5000 LT2_0 0 0 0 ?;
5 10 1 1 1000 -5000 LT2_1 0 0 0 ?;
5 15 -6000 -4000 1 0;
5 2 2.71pH;
5 11 LT 2;
1 Bound -7000 -5000 1000 -3750;
( Rotate 90 );
9 ind2;
C 0 R 0 1 T 3000 -6000;
(SymbolCall ind2);
5 10 2 0 -15000 -5000 LT1_0 0 0 0 ?;
5 10 4 1 -7000 -5000 LT1_1 0 0 0 ?;
5 15 -14000 -4000 1 0;
5 2 4.64pH;
5 11 LT 1;
1 Bound -15000 -5000 -7000 -3750;
( Rotate 90 );
9 ind2;
C 0 R 0 1 T -5000 -6000;
(SymbolCall ind2);
5 10 15 0 -23000 -5000 LT0_0 0 0 0 ?;
5 10 2 1 -15000 -5000 LT0_1 0 0 0 ?;
5 15 -22000 -4000 1 0;
5 2 2.50pH;
5 11 LT 0;
1 Bound -23000 -5000 -15000 -3750;
( Rotate 90 );
9 ind2;
C 0 R 0 1 T -13000 -6000;
L SCED;
5 10 5 0 0 0;
W2 0 -7000 12000 9000 12000;
5 10 4 0 0 0;
W2 0 -7000 -2000 -7000 -5000;
5 10 3 0 0 0;
W2 0 9000 -2000 9000 -5000 9000 -9000;
5 10 2 0 0 0;
W2 0 -15000 -9000 -15000 -5000;
5 10 1 0 0 0;
W2 0 1000 -9000 1000 -5000;
L ETC1;
94 <<0.19mA>> -16000 4000 0 6053 2067;
94 <<0.18mA>> 2000 4000 0 5447 1860;
L NAME;
5 16 R 0 11;
94 <<R0>> -8500 7000 64 1275 1000;
5 16 R 1 11;
94 <<R1>> 7500 7000 64 1050 1000;
5 16 LP 0 11;
94 <<LP0>> -7250 0 64 1875 1000;
5 16 LP 1 11;
94 <<LP1>> 8750 0 64 1650 1000;
5 16 LT 0 11;
94 <<LT0>> -22750 -3500 0 1875 1000;
5 16 LT 1 11;
94 <<LT1>> -14750 -3500 0 1650 1000;
5 16 LT 2 11;
94 <<LT2>> -6750 -3500 0 1875 1000;
5 16 LT 3 11;
94 <<LT3>> 1250 -3500 0 1875 1000;
5 16 LT 4 11;
94 <<LT4>> 9250 -3500 0 1875 1000;
5 16 LP 2 11;
94 <<LP2>> -15250 -11000 64 1875 1000;
5 16 LP 3 11;
94 <<LP3>> 750 -11000 64 1875 1000;
5 16 LP 4 11;
94 <<LP4>> 8750 -11000 64 1875 1000;
5 16 B 0 11;
94 <<B0>> -16750 -18000 64 1275 1000;
5 16 B 1 11;
94 <<B1>> -750 -18000 64 1050 1000;
5 16 B 2 11;
94 <<B2>> 7250 -18000 64 1275 1000;
L MODL;
5 16 B 0 1;
94 <<jjr>> -13250 -17750 0 1725 1000;
5 16 B 1 1;
94 <<jjr>> 2750 -17750 0 1725 1000;
5 16 B 2 1;
94 <<jjr>> 10750 -17750 0 1725 1000;
L VALU;
5 16 R 0 2;
94 <<53>> -5750 7250 0 1275 1000;
5 16 R 1 2;
94 <<56>> 10250 7250 0 1275 1000;
5 16 LP 0 2;
94 <<0.13pH>> -5500 250 0 3075 1000;
5 16 LP 1 2;
94 <<0.13pH>> 10500 250 0 3075 1000;
5 16 LT 0 2;
94 <<2.50pH>> -15250 -6250 64 3300 1000;
5 16 LT 1 2;
94 <<4.64pH>> -7250 -6250 64 3300 1000;
5 16 LT 2 2;
94 <<2.71pH>> 750 -6250 64 3075 1000;
5 16 LT 3 2;
94 <<4.77pH>> 8750 -6250 64 3300 1000;
5 16 LT 4 2;
94 <<1.98pH>> 16750 -6250 64 3075 1000;
5 16 LP 2 2;
94 <<0.13pH>> -13500 -10750 0 3075 1000;
5 16 LP 3 2;
94 <<0.13pH>> 2500 -10750 0 3075 1000;
5 16 LP 4 2;
94 <<0.13pH>> 10500 -10750 0 3075 1000;
L PARM;
5 16 B 0 3;
94 <<area=.12>> -13250 -19250 0 4200 1000;
5 16 B 1 3;
94 <<area=.14>> 2750 -19250 0 4200 1000;
5 16 B 2 3;
94 <<area=.25>> 10750 -19250 0 4425 1000;
DF;
E
