Title: CKT7
Date: Wed Oct 11 09:08:25 2017
Plotname: Transient analysis
Flags: real
No. Variables: 3
No. Points: 1001    
Command: version 4.3.1
Variables:
 0 time S
 1 v(5) V
 2 v(6) V
Values:
 0	0.000000000000000e+00
	0.000000000000000e+00
	0.000000000000000e+00
 1	1.000000000000000e-12
	4.544451376439030e-05
	1.636012408881065e-05
 2	2.000000000000000e-12
	8.898429206872678e-05
	2.913965877132200e-05
 3	3.000000000000000e-12
	1.292100021196246e-04
	2.948576223172697e-05
 4	4.000000000000000e-12
	1.663739501006154e-04
	2.706238732011793e-05
 5	5.000000000000000e-12
	2.007206396477195e-04
	2.689750857017061e-05
 6	5.999999999999999e-12
	2.326777042709532e-04
	2.786139912458104e-05
 7	6.999999999999999e-12
	2.623779835073118e-04
	2.889226507013871e-05
 8	8.000000000000000e-12
	2.902247162461132e-04
	2.994207127058467e-05
 9	9.000000000000000e-12
	3.163592354877616e-04
	3.123256552144558e-05
 10	9.999999999999999e-12
	3.410401351178645e-04
	3.292256355466413e-05
 11	1.100000000000000e-11
	3.189825089669368e-04
	1.797051569722687e-05
 12	1.200000000000000e-11
	2.976178578791050e-04
	2.806779022968813e-06
 13	1.300000000000000e-11
	2.784639442079605e-04
	-1.828997652398435e-06
 14	1.400000000000000e-11
	2.613415853036618e-04
	-6.795120535350811e-07
 15	1.500000000000000e-11
	2.460142630021582e-04
	8.297786635356654e-07
 16	1.600000000000000e-11
	2.322176409881142e-04
	1.374036191308686e-06
 17	1.700000000000000e-11
	2.198626345581610e-04
	1.325556162587941e-06
 18	1.800000000000000e-11
	2.087692401467221e-04
	1.166672538945891e-06
 19	1.900000000000000e-11
	1.990530145846128e-04
	1.069113610733291e-06
 20	2.000000000000000e-11
	1.908969656526709e-04
	1.013004505763262e-06
 21	2.100000000000000e-11
	1.851603355888685e-04
	9.533542041872002e-07
 22	2.200000000000000e-11
	1.839896849795834e-04
	8.742024768023303e-07
 23	2.300000000000000e-11
	1.934504614714091e-04
	7.757262512787491e-07
 24	2.400000000000000e-11
	2.286462918753467e-04
	6.378345454570090e-07
 25	2.500000000000000e-11
	2.750211555534077e-04
	4.388167492460714e-07
 26	2.600000000000000e-11
	2.757500633679248e-04
	2.968476098765156e-07
 27	2.700000000000000e-11
	2.531163390454562e-04
	3.091765331348760e-07
 28	2.800000000000000e-11
	2.294272755838802e-04
	3.093568057816336e-07
 29	2.900000000000000e-11
	2.101255135279329e-04
	2.004014033633990e-07
 30	3.000000000000000e-11
	1.952523557322014e-04
	1.220442938970670e-07
 31	3.100000000000000e-11
	1.844274820650860e-04
	1.612011603084270e-07
 32	3.200000000000001e-11
	1.777427516031045e-04
	2.597993060128112e-07
 33	3.300000000000001e-11
	1.781493464519055e-04
	3.634624285986437e-07
 34	3.400000000000001e-11
	1.939898568506307e-04
	4.415220385126812e-07
 35	3.500000000000001e-11
	2.397438622361237e-04
	4.465122254107666e-07
 36	3.600000000000002e-11
	2.788564693189601e-04
	3.533817108851276e-07
 37	3.700000000000002e-11
	2.727927711683406e-04
	2.695590048090311e-07
 38	3.800000000000002e-11
	2.538497722045878e-04
	7.119353611322743e-08
 39	3.900000000000003e-11
	2.376152024078180e-04
	-9.068669131998579e-07
 40	4.000000000000003e-11
	2.273416304993227e-04
	-3.557908446771659e-06
 41	4.100000000000003e-11
	2.223222280667646e-04
	-7.711505919907668e-06
 42	4.200000000000004e-11
	2.203207377158261e-04
	-9.013578523581403e-06
 43	4.300000000000004e-11
	2.195083074070110e-04
	-2.851850054099501e-06
 44	4.400000000000004e-11
	2.206406030048248e-04
	4.630829499041183e-06
 45	4.500000000000004e-11
	2.228646328023084e-04
	5.734866900462587e-06
 46	4.600000000000005e-11
	2.247685115142984e-04
	4.262884546971072e-06
 47	4.700000000000005e-11
	2.262898457076910e-04
	4.132441532174854e-06
 48	4.800000000000005e-11
	2.280428297498221e-04
	4.383293242525364e-06
 49	4.900000000000006e-11
	2.314066141266060e-04
	4.428245829350719e-06
 50	5.000000000000006e-11
	2.369526794933550e-04
	3.474673632111178e-06
 51	5.100000000000006e-11
	2.438437230375201e-04
	-2.217294267178052e-06
 52	5.200000000000007e-11
	2.563294417925749e-04
	-1.276691369907120e-05
 53	5.300000000000007e-11
	2.851215195998719e-04
	-1.232068803491935e-05
 54	5.400000000000007e-11
	3.358859649045457e-04
	1.775413919683767e-06
 55	5.500000000000008e-11
	3.645080148607370e-04
	8.359217462060765e-06
 56	5.600000000000008e-11
	3.519473615399444e-04
	6.224951238327682e-06
 57	5.700000000000008e-11
	3.307476789217795e-04
	5.926456940067088e-06
 58	5.800000000000008e-11
	3.161639422157394e-04
	7.271520431662043e-06
 59	5.900000000000008e-11
	3.073661820604495e-04
	9.169678687345786e-06
 60	6.000000000000008e-11
	2.994843765825142e-04
	1.120935348094861e-05
 61	6.100000000000007e-11
	2.908889508489258e-04
	1.176522228778277e-05
 62	6.200000000000007e-11
	2.834707423412006e-04
	1.799774900895817e-05
 63	6.300000000000007e-11
	2.762448491940910e-04
	4.465796881454790e-05
 64	6.400000000000006e-11
	2.703665767904751e-04
	9.678028828337984e-05
 65	6.500000000000006e-11
	2.660317745948756e-04
	1.590066073472406e-04
 66	6.600000000000006e-11
	2.614112522776419e-04
	2.460904348362442e-04
 67	6.700000000000005e-11
	2.564553424069394e-04
	3.420912074686485e-04
 68	6.800000000000005e-11
	2.518867174521387e-04
	2.145621436200389e-04
 69	6.900000000000005e-11
	2.484904179567083e-04
	1.452261717365416e-04
 70	7.000000000000004e-11
	2.462936520319963e-04
	2.847334179963077e-04
 71	7.100000000000004e-11
	2.431413019212628e-04
	2.335793264668743e-04
 72	7.200000000000004e-11
	2.404482496718204e-04
	3.957726169196006e-05
 73	7.300000000000003e-11
	2.397308851503238e-04
	8.233316828380608e-06
 74	7.400000000000003e-11
	2.394297735055897e-04
	3.474425519084280e-05
 75	7.500000000000003e-11
	2.393657081601367e-04
	5.394865323097492e-05
 76	7.600000000000002e-11
	2.402077639086145e-04
	6.116812911398309e-05
 77	7.700000000000002e-11
	2.422139049829427e-04
	3.860175034525031e-05
 78	7.800000000000001e-11
	2.456722052545894e-04
	1.389825318497284e-05
 79	7.900000000000001e-11
	2.496923886131218e-04
	2.061373413840463e-06
 80	8.000000000000001e-11
	2.498364329397296e-04
	1.368545598720255e-07
 81	8.100000000000000e-11
	2.490048290045168e-04
	3.031077970537724e-06
 82	8.200000000000000e-11
	2.496702101841604e-04
	5.019749367554499e-06
 83	8.300000000000000e-11
	2.499001028619742e-04
	2.882384541917265e-06
 84	8.399999999999999e-11
	2.503828103434479e-04
	-3.567271021993706e-06
 85	8.499999999999999e-11
	2.519250794545677e-04
	-1.145122476481135e-05
 86	8.599999999999999e-11
	2.539352271123050e-04
	-1.017074739380930e-05
 87	8.699999999999998e-11
	2.545141724849574e-04
	3.233066223436865e-06
 88	8.799999999999998e-11
	2.521708430872659e-04
	9.900126183681408e-06
 89	8.899999999999998e-11
	2.510870281574491e-04
	5.824073481941779e-06
 90	8.999999999999997e-11
	2.507845826584062e-04
	3.783501770637277e-06
 91	9.099999999999997e-11
	2.499215585339743e-04
	2.306179655653703e-06
 92	9.199999999999997e-11
	2.492839271857479e-04
	-3.106067795954470e-06
 93	9.299999999999996e-11
	2.495067237181777e-04
	-1.056033802769572e-05
 94	9.399999999999996e-11
	2.502466067097100e-04
	-1.157487353036431e-05
 95	9.499999999999996e-11
	2.508260801847247e-04
	5.440133487391265e-07
 96	9.599999999999995e-11
	2.490403621833476e-04
	9.692538925696975e-06
 97	9.699999999999995e-11
	2.472030860693984e-04
	6.802475573136931e-06
 98	9.799999999999995e-11
	2.468189646801126e-04
	3.911680499184413e-06
 99	9.899999999999994e-11
	2.461771058839314e-04
	3.405152845421512e-06
 100	9.999999999999994e-11
	2.453307932503732e-04
	-1.217400171313529e-07
 101	1.009999999999999e-10
	2.450264868238842e-04
	-6.655628589497863e-06
 102	1.019999999999999e-10
	2.455069878646837e-04
	-1.242585129816591e-05
 103	1.029999999999999e-10
	2.463783138637518e-04
	-7.083866426337627e-06
 104	1.039999999999999e-10
	2.463142924262357e-04
	6.338391748642858e-06
 105	1.049999999999999e-10
	2.442871645329135e-04
	9.286993470219455e-06
 106	1.059999999999999e-10
	2.433995018622965e-04
	4.885967920633586e-06
 107	1.069999999999999e-10
	2.432737995206043e-04
	3.777431529355772e-06
 108	1.079999999999999e-10
	2.427377676994870e-04
	2.512886928213616e-06
 109	1.089999999999999e-10
	2.422422111352703e-04
	-2.252887209460057e-06
 110	1.099999999999999e-10
	2.425182021526180e-04
	-9.317179335324015e-06
 111	1.109999999999999e-10
	2.433933666886082e-04
	-1.220835695821713e-05
 112	1.119999999999999e-10
	2.444692311098754e-04
	-1.978012125116551e-06
 113	1.129999999999999e-10
	2.436785212388075e-04
	9.210337457779890e-06
 114	1.139999999999999e-10
	2.419603956605952e-04
	7.743821500641022e-06
 115	1.149999999999999e-10
	2.417640402330657e-04
	4.032839619625120e-06
 116	1.159999999999999e-10
	2.416508600496146e-04
	3.628295300698078e-06
 117	1.169999999999999e-10
	2.412082720284596e-04
	1.084909688435255e-06
 118	1.179999999999999e-10
	2.411161309330985e-04
	-4.826883899312331e-06
 119	1.189999999999999e-10
	2.418713534021925e-04
	-1.170000153357211e-05
 120	1.199999999999999e-10
	2.430697267157633e-04
	-9.737038902097289e-06
 121	1.209999999999999e-10
	2.438107236621018e-04
	3.543182905347156e-06
 122	1.219999999999999e-10
	2.422416644198403e-04
	9.976745029238019e-06
 123	1.229999999999999e-10
	2.412213546023637e-04
	5.883550964528219e-06
 124	1.239999999999999e-10
	2.413336758145309e-04
	3.806359283577933e-06
 125	1.249999999999999e-10
	2.410901394755449e-04
	3.022856165356340e-06
 126	1.259999999999998e-10
	2.407611478423612e-04
	-1.056056140372496e-06
 127	1.269999999999998e-10
	2.411144863912439e-04
	-7.950963188251088e-06
 128	1.279999999999998e-10
	2.421689145476153e-04
	-1.264791750595139e-05
 129	1.289999999999998e-10
	2.435158085304786e-04
	-4.642419952815042e-06
 130	1.299999999999998e-10
	2.432561138433778e-04
	7.989798506189238e-06
 131	1.309999999999998e-10
	2.414727091552524e-04
	8.669042926271212e-06
 132	1.319999999999998e-10
	2.412132735061949e-04
	4.459751360504693e-06
 133	1.329999999999998e-10
	2.412596408456095e-04
	3.756118242681613e-06
 134	1.339999999999998e-10
	2.409143790320205e-04
	1.665197256072362e-06
 135	1.349999999999998e-10
	2.408186029342977e-04
	-3.899202001299017e-06
 136	1.359999999999998e-10
	2.415831914067088e-04
	-1.097947357418175e-05
 137	1.369999999999998e-10
	2.428377633175692e-04
	-1.081467700251033e-05
 138	1.379999999999998e-10
	2.438523057858952e-04
	1.838507186776395e-06
 139	1.389999999999998e-10
	2.424771895465846e-04
	9.810187567331491e-06
 140	1.399999999999998e-10
	2.412353104588246e-04
	6.392496796863615e-06
 141	1.409999999999998e-10
	2.413619116190021e-04
	3.873913332615192e-06
 142	1.419999999999998e-10
	2.411909749168427e-04
	3.288858464591924e-06
 143	1.429999999999998e-10
	2.408625404261184e-04
	-4.793628216154618e-07
 144	1.439999999999998e-10
	2.411439113999953e-04
	-7.224146296285024e-06
 145	1.449999999999998e-10
	2.421770735107742e-04
	-1.255452311179349e-05
 146	1.459999999999998e-10
	2.435525648412953e-04
	-5.921128136721624e-06
 147	1.469999999999998e-10
	2.435757867192090e-04
	7.295449420824342e-06
 148	1.479999999999998e-10
	2.417620320229755e-04
	8.985714484776367e-06
 149	1.489999999999998e-10
	2.413235472748575e-04
	4.592339850550318e-06
 150	1.499999999999998e-10
	2.414017393145246e-04
	3.750542446987191e-06
 151	1.509999999999998e-10
	2.410705850355947e-04
	2.040760326380404e-06
 152	1.519999999999998e-10
	2.409194057419654e-04
	-3.277860395933091e-06
 153	1.529999999999998e-10
	2.416085854505830e-04
	-1.047445707809597e-05
 154	1.539999999999998e-10
	2.428217626313702e-04
	-1.143396001665335e-05
 155	1.549999999999997e-10
	2.439411336346070e-04
	5.831240461994093e-07
 156	1.559999999999997e-10
	2.427651336891574e-04
	9.887894861445288e-06
 157	1.569999999999997e-10
	2.413951919027553e-04
	6.871432453352000e-06
 158	1.579999999999997e-10
	2.414527665776198e-04
	3.882881789956195e-06
 159	1.589999999999997e-10
	2.413055607041386e-04
	3.388558660539460e-06
 160	1.599999999999997e-10
	2.409517683012884e-04
	5.207431974904353e-09
 161	1.609999999999997e-10
	2.411451593568486e-04
	-6.544672142700988e-06
 162	1.619999999999997e-10
	2.421308018291930e-04
	-1.248594896557370e-05
 163	1.629999999999997e-10
	2.434888122003374e-04
	-7.157554833601196e-06
 164	1.639999999999997e-10
	2.437117573954383e-04
	6.310393975852359e-06
 165	1.649999999999997e-10
	2.419017695966754e-04
	9.460869994592922e-06
 166	1.659999999999997e-10
	2.413580948384923e-04
	4.972307917679331e-06
 167	1.669999999999997e-10
	2.414600893629005e-04
	3.792257608354423e-06
 168	1.679999999999997e-10
	2.411409712871845e-04
	2.323251756030637e-06
 169	1.689999999999997e-10
	2.409321146484884e-04
	-2.687832419947060e-06
 170	1.699999999999997e-10
	2.415372692197575e-04
	-9.942141737847070e-06
 171	1.709999999999997e-10
	2.426983131958547e-04
	-1.206362569309882e-05
 172	1.719999999999997e-10
	2.439095164256946e-04
	-6.427925136034666e-07
 173	1.729999999999997e-10
	2.429626962667166e-04
	9.620628397587197e-06
 174	1.739999999999997e-10
	2.414484507886039e-04
	7.282518066953995e-06
 175	1.749999999999997e-10
	2.414455001398157e-04
	4.007919213676259e-06
 176	1.759999999999997e-10
	2.413517456962614e-04
	3.519192552787609e-06
 177	1.769999999999997e-10
	2.409877137404307e-04
	4.295489867134855e-07
 178	1.779999999999997e-10
	2.410848392577304e-04
	-5.868173965032204e-06
 179	1.789999999999997e-10
	2.420351636216050e-04
	-1.219288906970418e-05
 180	1.799999999999997e-10
	2.433806522545948e-04
	-8.381074586054018e-06
 181	1.809999999999997e-10
	2.438153898625529e-04
	5.299812491294144e-06
 182	1.819999999999997e-10
	2.420664995452340e-04
	9.639875919620688e-06
 183	1.829999999999997e-10
	2.413482435666633e-04
	5.257804267459952e-06
 184	1.839999999999996e-10
	2.414687962965879e-04
	3.792443383137084e-06
 185	1.849999999999996e-10
	2.411799508207353e-04
	2.628767966794363e-06
 186	1.859999999999996e-10
	2.409320185504489e-04
	-2.124403360294024e-06
 187	1.869999999999996e-10
	2.414489985563216e-04
	-9.290064013080222e-06
 188	1.879999999999996e-10
	2.425987940726821e-04
	-1.219692536882339e-05
 189	1.889999999999996e-10
	2.439143072557962e-04
	-2.076442393106636e-06
 190	1.899999999999996e-10
	2.431385504938076e-04
	9.071597486486307e-06
 191	1.909999999999996e-10
	2.415039668394054e-04
	7.742266900157015e-06
 192	1.919999999999996e-10
	2.414279294897269e-04
	4.082594871258078e-06
 193	1.929999999999996e-10
	2.413748730058881e-04
	3.598509360043619e-06
 194	1.939999999999996e-10
	2.410081530519331e-04
	9.237594825664543e-07
 195	1.949999999999996e-10
	2.410523324300746e-04
	-5.226081955409571e-06
 196	1.959999999999996e-10
	2.419253338241252e-04
	-1.202109023379991e-05
 197	1.969999999999996e-10
	2.432376362680256e-04
	-9.103554859398222e-06
 198	1.979999999999996e-10
	2.439247246937587e-04
	4.387072956036863e-06
 199	1.989999999999996e-10
	2.422449695850279e-04
	9.783237389287072e-06
 200	1.999999999999996e-10
	2.413472752409402e-04
	5.595753639460830e-06
 201	2.009999999999996e-10
	2.414742163041179e-04
	3.783576995185674e-06
 202	2.019999999999996e-10
	2.412112145537673e-04
	2.830964466473785e-06
 203	2.029999999999996e-10
	2.409113201494208e-04
	-1.503188594200256e-06
 204	2.039999999999996e-10
	2.413709571729019e-04
	-8.582314491340786e-06
 205	2.049999999999996e-10
	2.424631411654035e-04
	-1.276342489950501e-05
 206	2.059999999999996e-10
	2.437927056060215e-04
	-3.388442417236561e-06
 207	2.069999999999996e-10
	2.433088683760924e-04
	8.718658048741901e-06
 208	2.079999999999996e-10
	2.415853434089607e-04
	8.222575283997037e-06
 209	2.089999999999996e-10
	2.414094259949060e-04
	4.259714436674407e-06
 210	2.099999999999996e-10
	2.414037466090217e-04
	3.688412310021919e-06
 211	2.109999999999996e-10
	2.410401826077592e-04
	1.272820368702598e-06
 212	2.119999999999996e-10
	2.409883185255111e-04
	-4.530862108096154e-06
 213	2.129999999999995e-10
	2.418260499812477e-04
	-1.146516257419132e-05
 214	2.139999999999995e-10
	2.431038803001069e-04
	-1.024795518266603e-05
 215	2.149999999999995e-10
	2.439310798643995e-04
	3.062173564553088e-06
 216	2.159999999999995e-10
	2.424005508324098e-04
	9.914298060664976e-06
 217	2.169999999999995e-10
	2.413438774617858e-04
	6.001255212325501e-06
 218	2.179999999999995e-10
	2.414679231369766e-04
	3.833385305464311e-06
 219	2.189999999999995e-10
	2.412475134496480e-04
	3.106220203962074e-06
 220	2.199999999999995e-10
	2.409149539640448e-04
	-9.558667130484546e-07
 221	2.209999999999995e-10
	2.412870668880520e-04
	-7.966962505019821e-06
 222	2.219999999999995e-10
	2.423567625641295e-04
	-1.256552383638351e-05
 223	2.229999999999995e-10
	2.437245676540925e-04
	-4.640646985618361e-06
 224	2.239999999999995e-10
	2.434604506804388e-04
	8.233154031851227e-06
 225	2.249999999999995e-10
	2.416955721994964e-04
	8.523289547686347e-06
 226	2.259999999999995e-10
	2.414125897276708e-04
	4.507451332370916e-06
 227	2.269999999999995e-10
	2.414461601501932e-04
	3.845843385115748e-06
 228	2.279999999999995e-10
	2.411011201558524e-04
	1.753491565843247e-06
 229	2.289999999999995e-10
	2.410101975727911e-04
	-3.930845929629190e-06
 230	2.299999999999995e-10
	2.417647005916589e-04
	-1.112276649442903e-05
 231	2.309999999999995e-10
	2.430195859703055e-04
	-1.075496450447453e-05
 232	2.319999999999995e-10
	2.440276070877039e-04
	1.945724703526773e-06
 233	2.329999999999995e-10
	2.426337182981276e-04
	9.912877230781175e-06
 234	2.339999999999995e-10
	2.414134678022781e-04
	6.418478371018753e-06
 235	2.349999999999995e-10
	2.415105640541108e-04
	3.829226066904036e-06
 236	2.359999999999995e-10
	2.413176023939583e-04
	3.222921517713965e-06
 237	2.369999999999995e-10
	2.409709395064880e-04
	-4.692152433048745e-07
 238	2.379999999999995e-10
	2.412581226760588e-04
	-7.249845311715209e-06
 239	2.389999999999995e-10
	2.422767995495529e-04
	-1.273229036404162e-05
 240	2.399999999999995e-10
	2.436372635955870e-04
	-5.883989758171411e-06
 241	2.409999999999995e-10
	2.436276336456709e-04
	7.287100999614152e-06
 242	2.419999999999995e-10
	2.418137092834177e-04
	9.047199326686882e-06
 243	2.429999999999995e-10
	2.414006078173197e-04
	4.686965856378457e-06
 244	2.439999999999995e-10
	2.414723793563732e-04
	3.776296620896639e-06
 245	2.449999999999995e-10
	2.411263694789105e-04
	1.987416193218586e-06
 246	2.459999999999995e-10
	2.409593326928343e-04
	-3.292457712706038e-06
 247	2.469999999999995e-10
	2.416537159977475e-04
	-1.046184632605172e-05
 248	2.479999999999995e-10
	2.428615174975024e-04
	-1.149666234140159e-05
 249	2.489999999999995e-10
	2.439706210554155e-04
	5.894644165236801e-07
 250	2.499999999999994e-10
	2.427731729372822e-04
	9.727101866425777e-06
 251	2.509999999999994e-10
	2.413919548009006e-04
	6.846092706014638e-06
 252	2.519999999999994e-10
	2.414640256832906e-04
	3.932306134016568e-06
 253	2.529999999999994e-10
	2.413251147051756e-04
	3.453914044362184e-06
 254	2.539999999999994e-10
	2.409707965446923e-04
	-2.846384858780303e-08
 255	2.549999999999994e-10
	2.411578100535454e-04
	-6.578340875825436e-06
 256	2.559999999999994e-10
	2.421449050193192e-04
	-1.240340717633608e-05
 257	2.569999999999994e-10
	2.435065305325453e-04
	-7.078433178303842e-06
 258	2.579999999999994e-10
	2.437324926171925e-04
	6.383464268727613e-06
 259	2.589999999999994e-10
	2.419313731768051e-04
	9.298933703249847e-06
 260	2.599999999999994e-10
	2.413510302294489e-04
	4.884794039295143e-06
 261	2.609999999999994e-10
	2.414542303571832e-04
	3.774927204824367e-06
 262	2.619999999999994e-10
	2.411389361716835e-04
	2.366680584183066e-06
 263	2.629999999999994e-10
	2.409363151329892e-04
	-2.704047886789252e-06
 264	2.639999999999994e-10
	2.415420914952648e-04
	-9.912763785818244e-06
 265	2.649999999999994e-10
	2.427189745407672e-04
	-1.185176878102150e-05
 266	2.659999999999994e-10
	2.439399120290489e-04
	-6.760638344009039e-07
 267	2.669999999999994e-10
	2.429593718652210e-04
	9.558843460654105e-06
 268	2.679999999999994e-10
	2.414492934023908e-04
	7.293349216534177e-06
 269	2.689999999999994e-10
	2.414462348247095e-04
	3.943845436059955e-06
 270	2.699999999999994e-10
	2.413422969480658e-04
	3.503172555887646e-06
 271	2.709999999999994e-10
	2.409768378956698e-04
	4.774417984433330e-07
 272	2.719999999999994e-10
	2.410958833322762e-04
	-5.886956478220137e-06
 273	2.729999999999994e-10
	2.420264376576485e-04
	-1.234092552753427e-05
 274	2.739999999999994e-10
	2.433621533836914e-04
	-8.150895778619631e-06
 275	2.749999999999994e-10
	2.438187104167442e-04
	5.412599924833689e-06
 276	2.759999999999994e-10
	2.420672174151800e-04
	9.668764777474535e-06
 277	2.769999999999994e-10
	2.413490439021652e-04
	5.272279895061497e-06
 278	2.779999999999994e-10
	2.414725806069615e-04
	3.791076487000833e-06
 279	2.789999999999993e-10
	2.411731573630520e-04
	2.587394241762495e-06
 280	2.799999999999993e-10
	2.409152337903294e-04
	-2.092789612143850e-06
 281	2.809999999999993e-10
	2.414507314777599e-04
	-9.236096389994110e-06
 282	2.819999999999993e-10
	2.425878239593442e-04
	-1.236840254801938e-05
 283	2.829999999999993e-10
	2.438710191469481e-04
	-2.082114477604715e-06
 284	2.839999999999993e-10
	2.431232605882694e-04
	9.109392451066223e-06
 285	2.849999999999993e-10
	2.414849230815963e-04
	7.784020584586721e-06
 286	2.859999999999993e-10
	2.414232243288564e-04
	4.131254585453032e-06
 287	2.869999999999993e-10
	2.413766700190837e-04
	3.659833359127526e-06
 288	2.879999999999993e-10
	2.410094277411030e-04
	8.742618370857345e-07
 289	2.889999999999993e-10
	2.410397518435358e-04
	-5.214927445292656e-06
 290	2.899999999999993e-10
	2.419262382516555e-04
	-1.186050147561035e-05
 291	2.909999999999993e-10
	2.432409826917310e-04
	-9.175013578839058e-06
 292	2.919999999999993e-10
	2.439032167155455e-04
	4.289743269707988e-06
 293	2.929999999999993e-10
	2.422354011280146e-04
	9.742196396456470e-06
 294	2.939999999999993e-10
	2.413265380069292e-04
	5.560066649713183e-06
 295	2.949999999999993e-10
	2.414651159520621e-04
	3.810030732342724e-06
 296	2.959999999999993e-10
	2.412087574227337e-04
	2.894933040021646e-06
 297	2.969999999999993e-10
	2.409248284850522e-04
	-1.551184047566549e-06
 298	2.979999999999993e-10
	2.413680958929560e-04
	-8.601375723338070e-06
 299	2.989999999999993e-10
	2.424721544002276e-04
	-1.246923335183252e-05
 300	2.999999999999993e-10
	2.438073947264318e-04
	-3.356620555770441e-06
 301	3.009999999999993e-10
	2.433178229142582e-04
	8.720388220715567e-06
 302	3.019999999999993e-10
	2.415926896485506e-04
	8.190577226673870e-06
 303	3.029999999999993e-10
	2.414086900111925e-04
	4.175573494332492e-06
 304	3.039999999999993e-10
	2.413970967705428e-04
	3.667452413182982e-06
 305	3.049999999999993e-10
	2.410352858568056e-04
	1.311603834588974e-06
 306	3.059999999999993e-10
	2.410028886396368e-04
	-4.553197611703317e-06
 307	3.069999999999993e-10
	2.418244389418929e-04
	-1.154056710607438e-05
 308	3.079999999999992e-10
	2.431020697018169e-04
	-1.005677645054865e-05
 309	3.089999999999992e-10
	2.439359610387272e-04
	3.117783360021263e-06
 310	3.099999999999992e-10
	2.424020396763475e-04
	1.001578940991496e-05
 311	3.109999999999992e-10
	2.413551311135196e-04
	6.017957282087643e-06
 312	3.119999999999992e-10
	2.414767975711614e-04
	3.812684702297014e-06
 313	3.129999999999992e-10
	2.412454652721071e-04
	3.056095164036582e-06
 314	3.139999999999992e-10
	2.409263747913240e-04
	-9.990883913364983e-07
 315	3.149999999999992e-10
	2.412866277556353e-04
	-7.908969928654680e-06
 316	3.159999999999992e-10
	2.423535631131364e-04
	-1.265069618649939e-05
 317	3.169999999999992e-10
	2.437116476920570e-04
	-4.722889050956039e-06
 318	3.179999999999992e-10
	2.434510029855972e-04
	7.949198075686712e-06
 319	3.189999999999992e-10
	2.416540884583078e-04
	8.693392565995447e-06
 320	3.199999999999992e-10
	2.413921146428177e-04
	4.362733110416892e-06
 321	3.209999999999992e-10
	2.414224442449171e-04
	3.790344309264624e-06
 322	3.219999999999992e-10
	2.410700226663049e-04
	1.630509622583088e-06
 323	3.229999999999992e-10
	2.409584672732059e-04
	-3.904530939602996e-06
 324	3.239999999999992e-10
	2.417126965943812e-04
	-1.097809738459489e-05
 325	3.249999999999992e-10
	2.429571405128386e-04
	-1.080373468623361e-05
 326	3.259999999999992e-10
	2.439560141956358e-04
	1.874581805540477e-06
 327	3.269999999999992e-10
	2.425695511320787e-04
	9.825715759102475e-06
 328	3.279999999999992e-10
	2.413243813902802e-04
	6.395153836232688e-06
 329	3.289999999999992e-10
	2.414425609115266e-04
	3.883570219646337e-06
 330	3.299999999999992e-10
	2.412630763910314e-04
	3.300241648892763e-06
 331	3.309999999999992e-10
	2.409263490655464e-04
	-4.743825648196220e-07
 332	3.319999999999992e-10
	2.411989429250048e-04
	-7.217288663252182e-06
 333	3.329999999999992e-10
	2.422236968841685e-04
	-1.253885854381389e-05
 334	3.339999999999992e-10
	2.435912037437710e-04
	-5.907149784191093e-06
 335	3.349999999999992e-10
	2.436073401227636e-04
	7.300432844762905e-06
 336	3.359999999999991e-10
	2.417917098054871e-04
	8.997289471450908e-06
 337	3.369999999999991e-10
	2.413491419795831e-04
	4.606615649150880e-06
 338	3.379999999999991e-10
	2.414243636443953e-04
	3.767884696890098e-06
 339	3.389999999999991e-10
	2.410899319914612e-04
	2.063385925435306e-06
 340	3.399999999999991e-10
	2.409344777698584e-04
	-3.252797227146026e-06
 341	3.409999999999991e-10
	2.416179457373416e-04
	-1.044987224582186e-05
 342	3.419999999999991e-10
	2.428267910682195e-04
	-1.141849015080761e-05
 343	3.429999999999991e-10
	2.439463232815032e-04
	5.804213234864736e-07
 344	3.439999999999991e-10
	2.427726119418865e-04
	9.893858409334784e-06
 345	3.449999999999991e-10
	2.413984225596448e-04
	6.905216413858992e-06
 346	3.459999999999991e-10
	2.414541238593605e-04
	3.912830671662174e-06
 347	3.469999999999991e-10
	2.413066795504273e-04
	3.427659237678055e-06
 348	3.479999999999991e-10
	2.409512631456546e-04
	6.129732705101064e-08
 349	3.489999999999991e-10
	2.411419285991302e-04
	-6.476911510342708e-06
 350	3.499999999999991e-10
	2.421244140409244e-04
	-1.243231025465467e-05
 351	3.509999999999991e-10
	2.434805310029972e-04
	-7.110089041341566e-06
 352	3.519999999999991e-10
	2.437113023652354e-04
	6.396934713636101e-06
 353	3.529999999999991e-10
	2.419042695326539e-04
	9.646484616870874e-06
 354	3.539999999999991e-10
	2.413537789132474e-04
	5.303246086003427e-06
 355	3.549999999999991e-10
	2.414569317286487e-04
	4.362500849498653e-06
 356	3.559999999999991e-10
	2.411373770626243e-04
	3.369573047907592e-06
 357	3.569999999999991e-10
	2.409194785677503e-04
	-7.292842179692721e-07
 358	3.579999999999991e-10
	2.415317305959699e-04
	-6.426046787509782e-06
 359	3.589999999999991e-10
	2.426989058328367e-04
	-6.261667187359273e-06
 360	3.599999999999991e-10
	2.439123422166565e-04
	9.423818352185825e-06
 361	3.609999999999991e-10
	2.429548137908868e-04
	2.742891409396322e-05
 362	3.619999999999991e-10
	2.414585977011480e-04
	3.937548163016776e-05
 363	3.629999999999991e-10
	2.414592939908096e-04
	5.970658403664444e-05
 364	3.639999999999991e-10
	2.413671362602694e-04
	1.028738541071419e-04
 365	3.649999999999990e-10
	2.409950029847828e-04
	1.678260178657970e-04
 366	3.659999999999990e-10
	2.410908763551455e-04
	2.687457360637941e-04
 367	3.669999999999990e-10
	2.421064795770869e-04
	3.381160862376659e-04
 368	3.679999999999990e-10
	2.437344149166021e-04
	1.729880081708289e-04
 369	3.689999999999990e-10
	2.444996878721341e-04
	1.561700515652507e-04
 370	3.699999999999990e-10
	2.429701864761455e-04
	3.017592170417605e-04
 371	3.709999999999990e-10
	2.429840294821927e-04
	1.969734979463265e-04
 372	3.719999999999990e-10
	2.439020917587620e-04
	3.598939201075732e-05
 373	3.729999999999990e-10
	2.440925714534275e-04
	3.340590191468055e-05
 374	3.739999999999990e-10
	2.433103067104145e-04
	4.852096853319768e-05
 375	3.749999999999990e-10
	2.420383765939612e-04
	4.762579415760344e-05
 376	3.759999999999990e-10
	2.417240745300467e-04
	4.301068709363323e-05
 377	3.769999999999990e-10
	2.431292073372052e-04
	2.554224420698896e-05
 378	3.779999999999990e-10
	2.431580391412553e-04
	2.408344130727632e-06
 379	3.789999999999990e-10
	2.415194882642248e-04
	-1.711419330818464e-05
 380	3.799999999999990e-10
	2.406623048080938e-04
	-1.677314805473128e-05
 381	3.809999999999990e-10
	2.397632902607309e-04
	1.093009049266197e-06
 382	3.819999999999990e-10
	2.397052282846629e-04
	9.071353781778162e-06
 383	3.829999999999990e-10
	2.396196361777784e-04
	5.514917667775529e-06
 384	3.839999999999990e-10
	2.389529804700500e-04
	4.292663455100139e-06
 385	3.849999999999990e-10
	2.390398328222361e-04
	4.895434393014540e-06
 386	3.859999999999990e-10
	2.404512661236958e-04
	3.885825500445457e-06
 387	3.869999999999990e-10
	2.405576013065205e-04
	-1.224218080273952e-06
 388	3.879999999999990e-10
	2.398004368458639e-04
	-1.200041298956535e-05
 389	3.889999999999990e-10
	2.387746708896214e-04
	-1.375892487177381e-05
 390	3.899999999999990e-10
	2.375926194196062e-04
	3.935629268943418e-07
 391	3.909999999999990e-10
	2.376194386859920e-04
	8.411255613778672e-06
 392	3.919999999999990e-10
	2.373802575573175e-04
	5.884605354977939e-06
 393	3.929999999999990e-10
	2.367032516221622e-04
	4.587973688363832e-06
 394	3.939999999999989e-10
	2.371064439373998e-04
	4.658595735639036e-06
 395	3.949999999999989e-10
	2.384924523621660e-04
	3.223477557187190e-06
 396	3.959999999999989e-10
	2.383009652135032e-04
	-2.995295961178424e-06
 397	3.969999999999989e-10
	2.377037287855972e-04
	-1.374464344687935e-05
 398	3.979999999999989e-10
	2.366245706140632e-04
	-1.157612080559587e-05
 399	3.989999999999989e-10
	2.357668273629201e-04
	3.011019404034736e-06
 400	3.999999999999989e-10
	2.360165465107047e-04
	8.240837158660781e-06
 401	4.009999999999989e-10
	2.357517553456300e-04
	5.388487244038931e-06
 402	4.019999999999989e-10
	2.352503392294021e-04
	4.598056328300970e-06
 403	4.029999999999989e-10
	2.360719940420874e-04
	4.569484507443149e-06
 404	4.039999999999989e-10
	2.374740157496504e-04
	2.718516835503917e-06
 405	4.049999999999989e-10
	2.371189727089766e-04
	-4.777389913850977e-06
 406	4.059999999999989e-10
	2.366146064627121e-04
	-1.466012337529980e-05
 407	4.069999999999989e-10
	2.354991929680792e-04
	-9.403697399533774e-06
 408	4.079999999999989e-10
	2.349185205569856e-04
	5.112922751681915e-06
 409	4.089999999999989e-10
	2.352684151560756e-04
	7.876112285487280e-06
 410	4.099999999999989e-10
	2.349617532347305e-04
	5.026829570229093e-06
 411	4.109999999999989e-10
	2.346955765311601e-04
	4.654737523193159e-06
 412	4.119999999999989e-10
	2.358583022218406e-04
	4.460945162204851e-06
 413	4.129999999999989e-10
	2.370947337898126e-04
	1.901979970744910e-06
 414	4.139999999999989e-10
	2.366186314738689e-04
	-6.835630908817649e-06
 415	4.149999999999989e-10
	2.361095189431602e-04
	-1.507165506908336e-05
 416	4.159999999999989e-10
	2.349529222756922e-04
	-6.746859688473156e-06
 417	4.169999999999989e-10
	2.346809030695974e-04
	6.516551643922357e-06
 418	4.179999999999989e-10
	2.349984046636988e-04
	7.367755002146498e-06
 419	4.189999999999989e-10
	2.346176139396355e-04
	4.765300072369407e-06
 420	4.199999999999989e-10
	2.346041008744783e-04
	4.704970212316341e-06
 421	4.209999999999989e-10
	2.360581397142242e-04
	4.278657333776868e-06
 422	4.219999999999989e-10
	2.369375149402228e-04
	6.731905574947607e-07
 423	4.229999999999988e-10
	2.364130321822171e-04
	-9.175414588169286e-06
 424	4.239999999999988e-10
	2.358188966002056e-04
	-1.492341298490744e-05
 425	4.249999999999988e-10
	2.346673619118288e-04
	-3.591097677780502e-06
 426	4.259999999999988e-10
	2.346859323932430e-04
	7.594922553124564e-06
 427	4.269999999999988e-10
	2.349059792954046e-04
	6.713205921824672e-06
 428	4.279999999999988e-10
	2.344718389364424e-04
	4.656113988296543e-06
 429	4.289999999999988e-10
	2.347411564822240e-04
	4.732791014985559e-06
 430	4.299999999999988e-10
	2.363763769534103e-04
	3.911111203590505e-06
 431	4.309999999999988e-10
	2.368354484603169e-04
	-8.900875884913082e-07
 432	4.319999999999988e-10
	2.363273680943318e-04
	-1.143949733509210e-05
 433	4.329999999999988e-10
	2.355710994419875e-04
	-1.406079124919660e-05
 434	4.339999999999988e-10
	2.345616056454869e-04
	-3.433023948738743e-07
 435	4.349999999999988e-10
	2.347768848717256e-04
	8.217661594235830e-06
 436	4.359999999999988e-10
	2.348341064778654e-04
	6.035623567222377e-06
 437	4.369999999999988e-10
	2.344121970235861e-04
	4.620723707385046e-06
 438	4.379999999999988e-10
	2.349953287803661e-04
	4.726418081347263e-06
 439	4.389999999999988e-10
	2.366613357023023e-04
	3.345145721744986e-06
 440	4.399999999999988e-10
	2.367217231355525e-04
	-2.762143140449971e-06
 441	4.409999999999988e-10
	2.362524170047738e-04
	-1.342681518878940e-05
 442	4.419999999999988e-10
	2.353090780146704e-04
	-1.204149666681724e-05
 443	4.429999999999988e-10
	2.345312903030227e-04
	2.651881911932280e-06
 444	4.439999999999988e-10
	2.348775546114245e-04
	8.379910418421359e-06
 445	4.449999999999988e-10
	2.347427194799918e-04
	5.470064544399984e-06
 446	4.459999999999988e-10
	2.344025002280415e-04
	4.639028688351826e-06
 447	4.469999999999988e-10
	2.353750643168532e-04
	4.608955383735505e-06
 448	4.479999999999988e-10
	2.368678474976037e-04
	2.598128417705033e-06
 449	4.489999999999988e-10
	2.365966969829861e-04
	-4.999905653116003e-06
 450	4.499999999999988e-10
	2.361521962735114e-04
	-1.495025272122897e-05
 451	4.509999999999988e-10
	2.350518054833731e-04
	-9.101548919947934e-06
 452	4.519999999999987e-10
	2.345558525919767e-04
	5.208588297712111e-06
 453	4.529999999999987e-10
	2.349238096618120e-04
	7.884243776474792e-06
 454	4.539999999999987e-10
	2.346409343680370e-04
	5.032250483887020e-06
 455	4.549999999999987e-10
	2.344591532566757e-04
	4.688657185407351e-06
 456	4.559999999999987e-10
	2.357780943935466e-04
	4.421641631938538e-06
 457	4.569999999999987e-10
	2.369742283700713e-04
	1.629009566589900e-06
 458	4.579999999999987e-10
	2.364910687334736e-04
	-7.519839601431284e-06
 459	4.589999999999987e-10
	2.359800743023168e-04
	-1.528931668890860e-05
 460	4.599999999999987e-10
	2.348236727506454e-04
	-5.789966732605667e-06
 461	4.609999999999987e-10
	2.346270936044644e-04
	7.159598280424865e-06
 462	4.619999999999987e-10
	2.349278363055324e-04
	7.199899867548898e-06
 463	4.629999999999987e-10
	2.345371619814960e-04
	4.730634843432831e-06
 464	4.639999999999987e-10
	2.346329941208324e-04
	4.723812352672135e-06
 465	4.649999999999987e-10
	2.361810012077827e-04
	4.150137843521185e-06
 466	4.659999999999987e-10
	2.369425592813426e-04
	2.228320676186436e-07
 467	4.669999999999987e-10
	2.364057110257507e-04
	-1.006172560497870e-05
 468	4.679999999999987e-10
	2.357519281195195e-04
	-1.462468245240099e-05
 469	4.689999999999987e-10
	2.346402686219669e-04
	-2.310746965841007e-06
 470	4.699999999999987e-10
	2.347442202178180e-04
	8.171678530760657e-06
 471	4.709999999999987e-10
	2.348898877316445e-04
	6.386268081873625e-06
 472	4.719999999999987e-10
	2.344493437703525e-04
	4.673249933062201e-06
 473	4.729999999999987e-10
	2.348444779016670e-04
	4.725379904351067e-06
 474	4.739999999999987e-10
	2.365046100454731e-04
	3.720920335260427e-06
 475	4.749999999999987e-10
	2.367968776286899e-04
	-1.588987776594400e-06
 476	4.759999999999987e-10
	2.363003546366214e-04
	-1.225254783738091e-05
 477	4.769999999999987e-10
	2.354714717393913e-04
	-1.343901856944288e-05
 478	4.779999999999987e-10
	2.345403973232638e-04
	8.448979478768975e-07
 479	4.789999999999987e-10
	2.348151088395949e-04
	8.290181953786031e-06
 480	4.799999999999987e-10
	2.348021482844684e-04
	5.787756785311525e-06
 481	4.809999999999986e-10
	2.344045652880972e-04
	4.613444191795512e-06
 482	4.819999999999986e-10
	2.351281320835893e-04
	4.688046277847171e-06
 483	4.829999999999986e-10
	2.367485308454058e-04
	3.074745033238017e-06
 484	4.839999999999986e-10
	2.366709598991889e-04
	-3.584129259640825e-06
 485	4.849999999999986e-10
	2.362119152530845e-04
	-1.401680645360171e-05
 486	4.859999999999986e-10
	2.352050605840271e-04
	-1.104787075333730e-05
 487	4.869999999999986e-10
	2.345334668483245e-04
	3.646331863628628e-06
 488	4.879999999999986e-10
	2.349030313275183e-04
	8.247670163401993e-06
 489	4.889999999999986e-10
	2.347033249283636e-04
	5.277674228736707e-06
 490	4.899999999999986e-10
	2.344161499171386e-04
	4.649241965795765e-06
 491	4.909999999999986e-10
	2.355201145493967e-04
	4.543107712075049e-06
 492	4.919999999999986e-10
	2.369091790443779e-04
	2.231446539105308e-06
 493	4.929999999999986e-10
	2.365494610597377e-04
	-5.943645684433271e-06
 494	4.939999999999986e-10
	2.360959787293811e-04
	-1.527928128197007e-05
 495	4.949999999999986e-10
	2.349584701681861e-04
	-7.911103961346736e-06
 496	4.959999999999986e-10
	2.345789474415834e-04
	5.966549816309117e-06
 497	4.969999999999986e-10
	2.349310604702480e-04
	7.646249024831894e-06
 498	4.979999999999986e-10
	2.346005943406439e-04
	4.902436095783267e-06
 499	4.989999999999986e-10
	2.345050074296404e-04
	4.700507169851664e-06
 500	4.999999999999986e-10
	2.359277447847223e-04
	4.319024024531016e-06
 501	5.009999999999986e-10
	2.369734681911004e-04
	1.149552873144880e-06
 502	5.019999999999986e-10
	2.364556485895838e-04
	-8.483531568910396e-06
 503	5.029999999999986e-10
	2.359008751247596e-04
	-1.520259757280304e-05
 504	5.039999999999986e-10
	2.347509877282133e-04
	-4.491426765309419e-06
 505	5.049999999999986e-10
	2.346673067772329e-04
	7.591715371259218e-06
 506	5.059999999999986e-10
	2.349184301998698e-04
	6.921140710082707e-06
 507	5.069999999999986e-10
	2.345004632994170e-04
	4.659887689081675e-06
 508	5.079999999999986e-10
	2.347116167530157e-04
	4.721721674363411e-06
 509	5.089999999999986e-10
	2.363216424115930e-04
	4.003788600791931e-06
 510	5.099999999999985e-10
	2.369066604688152e-04
	-4.102318370259930e-07
 511	5.109999999999985e-10
	2.363770146412085e-04
	-1.099367068908852e-05
 512	5.119999999999985e-10
	2.356565938369539e-04
	-1.417914871836929e-05
 513	5.129999999999985e-10
	2.345942027472317e-04
	-1.015322330854431e-06
 514	5.139999999999985e-10
	2.347731108907017e-04
	8.146170766408660e-06
 515	5.149999999999985e-10
	2.348684783095506e-04
	6.192090986058488e-06
 516	5.159999999999985e-10
	2.344370018585958e-04
	4.594591204362460e-06
 517	5.169999999999985e-10
	2.349790498974079e-04
	4.705784979607869e-06
 518	5.179999999999985e-10
	2.366707868740807e-04
	3.577060566481438e-06
 519	5.189999999999985e-10
	2.367781194602361e-04
	-2.338524819543917e-06
 520	5.199999999999985e-10
	2.363061054302442e-04
	-1.322640303361346e-05
 521	5.209999999999985e-10
	2.353693219082478e-04
	-1.248318638578818e-05
 522	5.219999999999985e-10
	2.345660871738364e-04
	2.073336035866653e-06
 523	5.229999999999985e-10
	2.348805799946222e-04
	8.197187017902104e-06
 524	5.239999999999985e-10
	2.347658026990763e-04
	5.551292921043345e-06
 525	5.249999999999985e-10
	2.344042839572716e-04
	4.740104851720718e-06
 526	5.259999999999985e-10
	2.352700086810727e-04
	4.724320613627129e-06
 527	5.269999999999985e-10
	2.368094991475240e-04
	2.873941413598707e-06
 528	5.279999999999985e-10
	2.365996618513772e-04
	-4.392675523216016e-06
 529	5.289999999999985e-10
	2.361468145806786e-04
	-1.450818946937093e-05
 530	5.299999999999985e-10
	2.350826265282758e-04
	-9.973420521735790e-06
 531	5.309999999999985e-10
	2.345263484556554e-04
	4.546557115479934e-06
 532	5.319999999999985e-10
	2.349065852176740e-04
	8.070180635743304e-06
 533	5.329999999999985e-10
	2.346465185838536e-04
	5.140770500265171e-06
 534	5.339999999999985e-10
	2.344235427358937e-04
	4.687045622988621e-06
 535	5.349999999999985e-10
	2.356503820716515e-04
	4.475753956245855e-06
 536	5.359999999999985e-10
	2.369163356509535e-04
	1.834722180025066e-06
 537	5.369999999999985e-10
	2.364903801643476e-04
	-6.876049006440817e-06
 538	5.379999999999985e-10
	2.360178983704019e-04
	-1.548990550962935e-05
 539	5.389999999999984e-10
	2.348575197896804e-04
	-6.663138728681809e-06
 540	5.399999999999984e-10
	2.345938600235500e-04
	6.631404656342956e-06
 541	5.409999999999984e-10
	2.349177227421284e-04
	7.393363468264257e-06
 542	5.419999999999984e-10
	2.345487009291878e-04
	4.813402289734214e-06
 543	5.429999999999984e-10
	2.345520866377745e-04
	4.724505184499351e-06
 544	5.439999999999984e-10
	2.360617816561314e-04
	4.217823154516791e-06
 545	5.449999999999984e-10
	2.369503306396090e-04
	6.543245529151010e-07
 546	5.459999999999984e-10
	2.364135498720817e-04
	-9.409980691645612e-06
 547	5.469999999999984e-10
	2.358061198904890e-04
	-1.496845564022576e-05
 548	5.479999999999984e-10
	2.346800450535610e-04
	-3.208792930976906e-06
 549	5.489999999999984e-10
	2.346986118525156e-04
	7.920635091598953e-06
 550	5.499999999999984e-10
	2.348946361235156e-04
	6.658462575832822e-06
 551	5.509999999999984e-10
	2.344602670655152e-04
	4.626060635557394e-06
 552	5.519999999999984e-10
	2.347937151918016e-04
	4.729419754963997e-06
 553	5.529999999999984e-10
	2.364455715216827e-04
	3.854770433281283e-06
 554	5.539999999999984e-10
	2.368582406818653e-04
	-1.067368385720351e-06
 555	5.549999999999984e-10
	2.363442961628127e-04
	-1.186455029734166e-05
 556	5.559999999999984e-10
	2.355542921186892e-04
	-1.360835438611228e-05
 557	5.569999999999984e-10
	2.345566436807231e-04
	2.125182100515305e-07
 558	5.579999999999984e-10
	2.348034184848316e-04
	8.266141785693404e-06
 559	5.589999999999984e-10
	2.348341216973964e-04
	5.951763241323965e-06
 560	5.599999999999984e-10
	2.344182174029782e-04
	4.600510823476368e-06
 561	5.609999999999984e-10
	2.350923918607139e-04
	4.690791361879744e-06
 562	5.619999999999984e-10
	2.367641026384682e-04
	3.352934971428509e-06
 563	5.629999999999984e-10
	2.367246283439856e-04
	-3.110758773246986e-06
 564	5.639999999999984e-10
	2.362503907925253e-04
	-1.359840623153072e-05
 565	5.649999999999984e-10
	2.352811340403421e-04
	-1.150367132327354e-05
 566	5.659999999999984e-10
	2.345251841414757e-04
	3.174489755662213e-06
 567	5.669999999999984e-10
	2.348855487316583e-04
	8.178764113429033e-06
 568	5.679999999999983e-10
	2.347459233257793e-04
	5.325785420154896e-06
 569	5.689999999999983e-10
	2.344351536322954e-04
	4.640568642673801e-06
 570	5.699999999999983e-10
	2.354469937707106e-04
	4.599272400332236e-06
 571	5.709999999999983e-10
	2.369064301563333e-04
	2.473963922914181e-06
 572	5.719999999999983e-10
	2.365904986161104e-04
	-5.393690856207386e-06
 573	5.729999999999983e-10
	2.361234414959256e-04
	-1.477189955899982e-05
 574	5.739999999999983e-10
	2.350066143261902e-04
	-8.779501988431731e-06
 575	5.749999999999983e-10
	2.345760654433635e-04
	5.403633874985586e-06
 576	5.759999999999983e-10
	2.349393778603808e-04
	7.762244014560290e-06
 577	5.769999999999983e-10
	2.346375400883132e-04
	4.962785994855878e-06
 578	5.779999999999983e-10
	2.345083454412033e-04
	4.695189994937727e-06
 579	5.789999999999983e-10
	2.358406138058650e-04
	4.418400502095051e-06
 580	5.799999999999983e-10
	2.369521366939404e-04
	1.348606541260114e-06
 581	5.809999999999983e-10
	2.364760919825959e-04
	-7.862909542313175e-06
 582	5.819999999999983e-10
	2.359532753197797e-04
	-1.526302948650808e-05
 583	5.829999999999983e-10
	2.347953293936490e-04
	-5.375576102326669e-06
 584	5.839999999999983e-10
	2.346575792674529e-04
	7.060974187064320e-06
 585	5.849999999999983e-10
	2.349455993525772e-04
	7.115144159334472e-06
 586	5.859999999999983e-10
	2.345351596450700e-04
	4.741563668366404e-06
 587	5.869999999999983e-10
	2.346424383575207e-04
	4.740673558429860e-06
 588	5.879999999999983e-10
	2.362245200162491e-04
	4.084537034488179e-06
 589	5.889999999999983e-10
	2.369156246339511e-04
	-3.899275852462230e-08
 590	5.899999999999983e-10
	2.363958374635367e-04
	-1.034853996593944e-05
 591	5.909999999999983e-10
	2.357350703918301e-04
	-1.489885792648746e-05
 592	5.919999999999983e-10
	2.346444248218865e-04
	-1.927758575315791e-06
 593	5.929999999999983e-10
	2.347562804668876e-04
	8.124357384447645e-06
 594	5.939999999999983e-10
	2.348877816588894e-04
	6.385638930040041e-06
 595	5.949999999999983e-10
	2.344531349261814e-04
	4.630737225148088e-06
 596	5.959999999999983e-10
	2.348894103832553e-04
	4.732895559058392e-06
 597	5.969999999999982e-10
	2.365590625222466e-04
	3.628298019075071e-06
 598	5.979999999999982e-10
	2.368158779083540e-04
	-1.719892847581178e-06
 599	5.989999999999982e-10
	2.363210904890786e-04
	-1.264367044860969e-05
 600	5.999999999999982e-10
	2.354594210684974e-04
	-1.297594292581874e-05
 601	6.009999999999982e-10
	2.345571233537751e-04
	1.350661456564001e-06
 602	6.019999999999982e-10
	2.348507380074856e-04
	8.412662185209752e-06
 603	6.029999999999982e-10
	2.348040311782682e-04
	5.730095760040733e-06
 604	6.039999999999982e-10
	2.344025025469718e-04
	4.606523498828354e-06
 605	6.049999999999982e-10
	2.352269242930711e-04
	4.656895676009643e-06
 606	6.059999999999982e-10
	2.368242025452748e-04
	3.021657539905978e-06
 607	6.069999999999982e-10
	2.366764981188250e-04
	-3.935194504694986e-06
 608	6.079999999999982e-10
	2.362202558358666e-04
	-1.432409276963314e-05
 609	6.089999999999982e-10
	2.351826113943043e-04
	-1.041838925875608e-05
 610	6.099999999999982e-10
	2.345313236049204e-04
	4.301171762802589e-06
 611	6.109999999999982e-10
	2.349111573474970e-04
	8.067009258160779e-06
 612	6.119999999999982e-10
	2.347017551233408e-04
	5.186798281081100e-06
 613	6.129999999999982e-10
	2.344494309670530e-04
	4.658070362625115e-06
 614	6.139999999999982e-10
	2.356056906672898e-04
	4.522877801487947e-06
 615	6.149999999999982e-10
	2.369707815127384e-04
	2.155460701545740e-06
 616	6.159999999999982e-10
	2.365481982201782e-04
	-6.349212155539772e-06
 617	6.169999999999982e-10
	2.360620569528374e-04
	-1.503529266885847e-05
 618	6.179999999999982e-10
	2.349233299275526e-04
	-7.372456172287164e-06
 619	6.189999999999982e-10
	2.345947543783033e-04
	6.252594885950713e-06
 620	6.199999999999982e-10
	2.349561026536520e-04
	7.533332084974449e-06
 621	6.209999999999982e-10
	2.345708341810020e-04
	4.857323326864762e-06
 622	6.219999999999982e-10
	2.345428925581468e-04
	4.714932784962721e-06
 623	6.229999999999982e-10
	2.359815990743677e-04
	4.295978902428276e-06
 624	6.239999999999982e-10
	2.369408552172139e-04
	9.085433988015252e-07
 625	6.249999999999982e-10
	2.364170426741545e-04
	-8.863667403651487e-06
 626	6.259999999999981e-10
	2.358371211948441e-04
	-1.496310658385679e-05
 627	6.269999999999981e-10
	2.346848352645445e-04
	-3.962248299044954e-06
 628	6.279999999999981e-10
	2.346643932504066e-04
	7.538883574333763e-06
 629	6.289999999999981e-10
	2.348979366466698e-04
	6.813200006462155e-06
 630	6.299999999999981e-10
	2.344754405312104e-04
	4.665087135125408e-06
 631	6.309999999999981e-10
	2.347278119707615e-04
	4.742290967946962e-06
 632	6.319999999999981e-10
	2.363676877050504e-04
	4.008406746098097e-06
 633	6.329999999999981e-10
	2.368599264534677e-04
	-7.004200949079892e-07
 634	6.339999999999981e-10
	2.363456524608612e-04
	-1.122281950036387e-05
 635	6.349999999999981e-10
	2.356035091825873e-04
	-1.405340545900603e-05
 636	6.359999999999981e-10
	2.345692917421673e-04
	-6.121106546992464e-07
 637	6.369999999999981e-10
	2.347744123641976e-04
	8.160491912908524e-06
 638	6.379999999999981e-10
	2.348570891863990e-04
	6.087538794338263e-06
 639	6.389999999999981e-10
	2.344275867489090e-04
	4.636243473900095e-06
 640	6.399999999999981e-10
	2.349942206399441e-04
	4.738001954471384e-06
 641	6.409999999999981e-10
	2.366565095039590e-04
	3.437318129734111e-06
 642	6.419999999999981e-10
	2.367455465802278e-04
	-2.590890584755481e-06
 643	6.429999999999981e-10
	2.362683644586062e-04
	-1.319014743741492e-05
 644	6.439999999999981e-10
	2.353414040621073e-04
	-1.235124212349205e-05
 645	6.449999999999981e-10
	2.345399627225853e-04
	2.401780385312691e-06
 646	6.459999999999981e-10
	2.348727941852209e-04
	8.318689033121679e-06
 647	6.469999999999981e-10
	2.347630904134958e-04
	5.537815066428253e-06
 648	6.479999999999981e-10
	2.344184230982080e-04
	4.679240798612672e-06
 649	6.489999999999981e-10
	2.353406826329282e-04
	4.685722744616987e-06
 650	6.499999999999981e-10
	2.368554875537177e-04
	2.723026118887831e-06
 651	6.509999999999981e-10
	2.366104547585403e-04
	-4.677681292799915e-06
 652	6.519999999999981e-10
	2.361618727368031e-04
	-1.458077024399028e-05
 653	6.529999999999981e-10
	2.350784297590800e-04
	-9.288176329343604e-06
 654	6.539999999999981e-10
	2.345622068824124e-04
	5.217101261534898e-06
 655	6.549999999999980e-10
	2.349371089870378e-04
	8.520582276131530e-06
 656	6.559999999999980e-10
	2.346551599076024e-04
	6.091628670273628e-06
 657	6.569999999999980e-10
	2.344507405739109e-04
	6.567812402808070e-06
 658	6.579999999999980e-10
	2.357462350088830e-04
	7.820648311597259e-06
 659	6.589999999999980e-10
	2.369856770549644e-04
	7.707947826455799e-06
 660	6.599999999999980e-10
	2.364983827301298e-04
	3.095916244934697e-06
 661	6.609999999999980e-10
	2.360005350755653e-04
	2.809738757569225e-06
 662	6.619999999999980e-10
	2.348280480437395e-04
	2.491137355840789e-05
 663	6.629999999999980e-10
	2.346555336804299e-04
	5.992918515950210e-05
 664	6.639999999999980e-10
	2.349766705417656e-04
	1.010953940713895e-04
 665	6.649999999999980e-10
	2.346203245987414e-04
	1.613194296840582e-04
 666	6.659999999999980e-10
	2.347314405780442e-04
	2.550317014769774e-04
 667	6.669999999999980e-10
	2.363426332510621e-04
	3.468439030686957e-04
 668	6.679999999999980e-10
	2.371068650016343e-04
	2.119112161869186e-04
 669	6.689999999999980e-10
	2.366069120684424e-04
	1.597361385846753e-04
 670	6.699999999999980e-10
	2.366257253518298e-04
	2.713376945473915e-04
 671	6.709999999999980e-10
	2.360383257384178e-04
	1.836037251785999e-04
 672	6.719999999999980e-10
	2.365913790771652e-04
	2.957403432785391e-05
 673	6.729999999999980e-10
	2.376822248204645e-04
	1.916887549507646e-05
 674	6.739999999999980e-10
	2.389267770735649e-04
	5.269474872144757e-05
 675	6.749999999999980e-10
	2.416521049172976e-04
	7.470921409163342e-05
 676	6.759999999999980e-10
	2.443450480717808e-04
	6.075488547594854e-05
 677	6.769999999999980e-10
	2.435177215548357e-04
	2.410012379924813e-05
 678	6.779999999999980e-10
	2.420962141556512e-04
	1.334140914219355e-05
 679	6.789999999999980e-10
	2.409970664538182e-04
	1.149232570295173e-05
 680	6.799999999999980e-10
	2.401759232974999e-04
	2.020700262842927e-06
 681	6.809999999999980e-10
	2.401649566426823e-04
	-5.430465766082255e-06
 682	6.819999999999980e-10
	2.409578543056553e-04
	-1.087816197746271e-05
 683	6.829999999999980e-10
	2.421266645308181e-04
	-1.206009559981674e-05
 684	6.839999999999979e-10
	2.429425419373221e-04
	-2.498113288700270e-07
 685	6.849999999999979e-10
	2.414254318790063e-04
	9.643520937145638e-06
 686	6.859999999999979e-10
	2.401369259376781e-04
	6.959193818791971e-06
 687	6.869999999999979e-10
	2.402208259348412e-04
	3.978534617878290e-06
 688	6.879999999999979e-10
	2.400399440142008e-04
	3.322588806327983e-06
 689	6.889999999999979e-10
	2.396849201698130e-04
	-1.411370493510534e-07
 690	6.899999999999979e-10
	2.398763853886054e-04
	-6.621920229948335e-06
 691	6.909999999999979e-10
	2.408361857929929e-04
	-1.254200891966217e-05
 692	6.919999999999979e-10
	2.421781266140846e-04
	-7.051634038227513e-06
 693	6.929999999999979e-10
	2.424866232364480e-04
	6.377133332827289e-06
 694	6.939999999999979e-10
	2.407732713102765e-04
	9.411010986004782e-06
 695	6.949999999999979e-10
	2.402459493990940e-04
	4.975329145521467e-06
 696	6.959999999999979e-10
	2.404190629691514e-04
	3.797072048798156e-06
 697	6.969999999999979e-10
	2.401709337565579e-04
	2.380320786267143e-06
 698	6.979999999999979e-10
	2.400093681774874e-04
	-2.504707818231213e-06
 699	6.989999999999979e-10
	2.406672882656994e-04
	-9.664022492512411e-06
 700	6.999999999999979e-10
	2.419001510176026e-04
	-1.207997422068931e-05
 701	7.009999999999979e-10
	2.432055598225450e-04
	-1.158308307986418e-06
 702	7.019999999999979e-10
	2.423446380361867e-04
	9.360945629688389e-06
 703	7.029999999999979e-10
	2.408283455847764e-04
	7.460238771262369e-06
 704	7.039999999999979e-10
	2.408767834021728e-04
	4.049994856959373e-06
 705	7.049999999999979e-10
	2.408465123823716e-04
	3.591124138187904e-06
 706	7.059999999999979e-10
	2.405350562897281e-04
	5.653937489376120e-07
 707	7.069999999999979e-10
	2.406798853051594e-04
	-5.721386796279719e-06
 708	7.079999999999979e-10
	2.416618078122335e-04
	-1.211270215550597e-05
 709	7.089999999999979e-10
	2.430532750684222e-04
	-8.394201201460182e-06
 710	7.099999999999979e-10
	2.436014957420042e-04
	5.176001581402955e-06
 711	7.109999999999979e-10
	2.418767454043472e-04
	9.608842233799002e-06
 712	7.119999999999979e-10
	2.411231309136973e-04
	5.257194431311163e-06
 713	7.129999999999978e-10
	2.412798804196246e-04
	3.792390450633196e-06
 714	7.139999999999978e-10
	2.410198319548448e-04
	2.675603759752680e-06
 715	7.149999999999978e-10
	2.407935014899761e-04
	-2.031631509878387e-06
 716	7.159999999999978e-10
	2.413402950581156e-04
	-9.185609715150763e-06
 717	7.169999999999978e-10
	2.425043659894605e-04
	-1.228969789473094e-05
 718	7.179999999999978e-10
	2.438189479972116e-04
	-2.172759040579599e-06
 719	7.189999999999978e-10
	2.431159256309525e-04
	9.207046159539273e-06
 720	7.199999999999978e-10
	2.414821411800702e-04
	7.800277278039667e-06
 721	7.209999999999978e-10
	2.414003177734448e-04
	4.057975876686554e-06
 722	7.219999999999978e-10
	2.413523844333555e-04
	3.603583621300010e-06
 723	7.229999999999978e-10
	2.409945429898813e-04
	9.224246572044427e-07
 724	7.239999999999978e-10
	2.410383909710914e-04
	-5.184436476006972e-06
 725	7.249999999999978e-10
	2.419277184147068e-04
	-1.194791393917704e-05
 726	7.259999999999978e-10
	2.432447647824658e-04
	-9.215160743937076e-06
 727	7.269999999999978e-10
	2.439059784579092e-04
	4.252587453986779e-06
 728	7.279999999999978e-10
	2.422457107158930e-04
	9.918787541878213e-06
 729	7.289999999999978e-10
	2.413667718212438e-04
	5.641635231874840e-06
 730	7.299999999999978e-10
	2.414966117212678e-04
	3.802911523999060e-06
 731	7.309999999999978e-10
	2.412309251003033e-04
	2.844152343685119e-06
 732	7.319999999999978e-10
	2.409414988451731e-04
	-1.537531098185789e-06
 733	7.329999999999978e-10
	2.413881314912146e-04
	-8.583915236400047e-06
 734	7.339999999999978e-10
	2.424938307886207e-04
	-1.254413556769473e-05
 735	7.349999999999978e-10
	2.438287273610153e-04
	-3.421349621452947e-06
 736	7.359999999999978e-10
	2.433159602621022e-04
	8.577845482511015e-06
 737	7.369999999999978e-10
	2.415765006141236e-04
	8.248612685558730e-06
 738	7.379999999999978e-10
	2.414267704495845e-04
	4.279845672959813e-06
 739	7.389999999999978e-10
	2.414216364854210e-04
	3.710898574926055e-06
 740	7.399999999999978e-10
	2.410576437703348e-04
	1.284806950043534e-06
 741	7.409999999999978e-10
	2.410201136995942e-04
	-4.564497075138133e-06
 742	7.419999999999977e-10
	2.418424971466016e-04
	-1.147679331538312e-05
 743	7.429999999999977e-10
	2.431238878169187e-04
	-1.001820555114214e-05
 744	7.439999999999977e-10
	2.439735011858322e-04
	3.143611596759716e-06
 745	7.449999999999977e-10
	2.424207647824925e-04
	9.822204704537831e-06
 746	7.459999999999977e-10
	2.413376949641045e-04
	5.936210674537923e-06
 747	7.469999999999977e-10
	2.414767546662128e-04
	3.832223446432269e-06
 748	7.479999999999977e-10
	2.412546575802379e-04
	3.095274386569087e-06
 749	7.489999999999977e-10
	2.409395085615735e-04
	-1.010497470092097e-06
 750	7.499999999999977e-10
	2.412998968050601e-04
	-7.927300116683203e-06
 751	7.509999999999977e-10
	2.423627418780178e-04
	-1.259415287767875e-05
 752	7.519999999999977e-10
	2.437197767089923e-04
	-4.634528618796263e-06
 753	7.529999999999977e-10
	2.434878137672079e-04
	8.126666154673241e-06
 754	7.539999999999977e-10
	2.416950767395136e-04
	8.602546213083567e-06
 755	7.549999999999977e-10
	2.413919125036784e-04
	4.375510186438540e-06
 756	7.559999999999977e-10
	2.414234400491369e-04
	3.716897372950104e-06
 757	7.569999999999977e-10
	2.410710537250000e-04
	1.678983714980819e-06
 758	7.579999999999977e-10
	2.409709784390401e-04
	-3.908561848415757e-06
 759	7.589999999999977e-10
	2.417290346574740e-04
	-1.102678887498522e-05
 760	7.599999999999977e-10
	2.429711268230547e-04
	-1.085274558857148e-05
 761	7.609999999999977e-10
	2.439541410552193e-04
	1.863888352330864e-06
 762	7.619999999999977e-10
	2.425825006648317e-04
	1.006959131984055e-05
 763	7.629999999999977e-10
	2.413732090000666e-04
	6.436695893747606e-06
 764	7.639999999999977e-10
	2.414698419056518e-04
	3.850928659394270e-06
 765	7.649999999999977e-10
	2.412804054935186e-04
	3.244032902415616e-06
 766	7.659999999999977e-10
	2.409409906556139e-04
	-4.931476693299858e-07
 767	7.669999999999977e-10
	2.412112486720708e-04
	-7.228306407683420e-06
 768	7.679999999999977e-10
	2.422423563683597e-04
	-1.258603721594465e-05
 769	7.689999999999977e-10
	2.436106426148652e-04
	-6.003093447802939e-06
 770	7.699999999999977e-10
	2.436338162962264e-04
	7.507610679887259e-06
 771	7.709999999999976e-10
	2.417772625402022e-04
	8.890130090316454e-06
 772	7.719999999999976e-10
	2.413895534025117e-04
	4.720468040380121e-06
 773	7.729999999999976e-10
	2.414419594854912e-04
	3.810129755869950e-06
 774	7.739999999999976e-10
	2.411080102107981e-04
	1.981958319134877e-06
 775	7.749999999999976e-10
	2.409468585004970e-04
	-3.308163885815974e-06
 776	7.759999999999976e-10
	2.416240728068766e-04
	-1.048688686366418e-05
 777	7.769999999999976e-10
	2.428392301992851e-04
	-1.136556792692842e-05
 778	7.779999999999976e-10
	2.439945797268773e-04
	6.165772733384992e-07
 779	7.789999999999976e-10
	2.427675342001127e-04
	9.672457006782357e-06
 780	7.799999999999976e-10
	2.413772209514449e-04
	6.822212995937780e-06
 781	7.809999999999976e-10
	2.414467138400221e-04
	3.906522668048041e-06
 782	7.819999999999976e-10
	2.413065097646839e-04
	3.397244979235881e-06
 783	7.829999999999976e-10
	2.409523696387048e-04
	9.399392364649837e-09
 784	7.839999999999976e-10
	2.411495505947142e-04
	-6.562552734245386e-06
 785	7.849999999999976e-10
	2.421256685457470e-04
	-1.251418821126807e-05
 786	7.859999999999976e-10
	2.434809182677525e-04
	-7.051657014518609e-06
 787	7.869999999999976e-10
	2.437661350980926e-04
	6.568479307870912e-06
 788	7.879999999999976e-10
	2.419338914088930e-04
	9.310899371664803e-06
 789	7.889999999999976e-10
	2.413492339004424e-04
	4.904749932506520e-06
 790	7.899999999999976e-10
	2.414498119809707e-04
	3.761459243534835e-06
 791	7.909999999999976e-10
	2.411338682818677e-04
	2.317745931836941e-06
 792	7.919999999999976e-10
	2.409195298034158e-04
	-2.663849615016149e-06
 793	7.929999999999976e-10
	2.415358261347908e-04
	-9.861737784878144e-06
 794	7.939999999999976e-10
	2.427040049301052e-04
	-1.204988321307761e-05
 795	7.949999999999976e-10
	2.439125011156913e-04
	-7.598831498531116e-07
 796	7.959999999999976e-10
	2.429590379952868e-04
	9.705433207449206e-06
 797	7.969999999999976e-10
	2.414463583533028e-04
	7.321980739963813e-06
 798	7.979999999999976e-10
	2.414412956730707e-04
	3.984185777695071e-06
 799	7.989999999999976e-10
	2.413432366757865e-04
	3.515581684639312e-06
 800	7.999999999999975e-10
	2.409807647266879e-04
	4.466002470482994e-07
 801	8.009999999999975e-10
	2.410802261922118e-04
	-5.858566257648211e-06
 802	8.019999999999975e-10
	2.420250078565883e-04
	-1.220339709342663e-05
 803	8.029999999999975e-10
	2.433654830226831e-04
	-8.351437386972207e-06
 804	8.039999999999975e-10
	2.438073043627882e-04
	5.287933064931681e-06
 805	8.049999999999975e-10
	2.420569777376799e-04
	9.686219166777944e-06
 806	8.059999999999975e-10
	2.413430188298950e-04
	5.272269193167502e-06
 807	8.069999999999975e-10
	2.414635025029411e-04
	3.793396888660245e-06
 808	8.079999999999975e-10
	2.411744985431237e-04
	2.621673907103103e-06
 809	8.089999999999975e-10
	2.409249928323956e-04
	-2.109694073931873e-06
 810	8.099999999999975e-10
	2.414420561198924e-04
	-9.261347899096833e-06
 811	8.109999999999975e-10
	2.425904192348961e-04
	-1.220669968188146e-05
 812	8.119999999999975e-10
	2.439167850205773e-04
	-2.119912845243275e-06
 813	8.129999999999975e-10
	2.431350057073467e-04
	9.047766010189537e-06
 814	8.139999999999975e-10
	2.414944652454637e-04
	7.757032615787242e-06
 815	8.149999999999975e-10
	2.414227905336722e-04
	4.097930879824086e-06
 816	8.159999999999975e-10
	2.413721727124607e-04
	3.607651717199221e-06
 817	8.169999999999975e-10
	2.410071903698629e-04
	9.221744397847558e-07
 818	8.179999999999975e-10
	2.410484111511679e-04
	-5.209468538985642e-06
 819	8.189999999999975e-10
	2.419216380322094e-04
	-1.196380982937310e-05
 820	8.199999999999975e-10
	2.432450894161020e-04
	-9.376515143043606e-06
 821	8.209999999999975e-10
	2.439556456942684e-04
	4.512949219250997e-06
 822	8.219999999999975e-10
	2.422657571234406e-04
	9.630207732502231e-06
 823	8.229999999999975e-10
	2.413778148135720e-04
	5.572548300516378e-06
 824	8.239999999999975e-10
	2.415276179158511e-04
	3.932800765986393e-06
 825	8.249999999999975e-10
	2.412695694321822e-04
	2.887099281840410e-06
 826	8.259999999999975e-10
	2.409731912918520e-04
	-1.437767084538382e-06
 827	8.269999999999975e-10
	2.414358363956288e-04
	-8.483378314048747e-06
 828	8.279999999999975e-10
	2.425375491471087e-04
	-1.268259062068913e-05
 829	8.289999999999974e-10
	2.438700022941538e-04
	-3.370661497831192e-06
 830	8.299999999999974e-10
	2.433710701109283e-04
	8.670692296489014e-06
 831	8.309999999999974e-10
	2.416464334252894e-04
	8.186767120224943e-06
 832	8.319999999999974e-10
	2.414748801734038e-04
	4.268563675246507e-06
 833	8.329999999999974e-10
	2.414648349541191e-04
	3.719156157629384e-06
 834	8.339999999999974e-10
	2.410972385874427e-04
	1.271472048420334e-06
 835	8.349999999999974e-10
	2.410480109222551e-04
	-4.569005310878079e-06
 836	8.359999999999974e-10
	2.418842042775278e-04
	-1.149047775216596e-05
 837	8.369999999999974e-10
	2.431618636604694e-04
	-1.017304164922160e-05
 838	8.379999999999974e-10
	2.439770748064463e-04
	3.131225325445791e-06
 839	8.389999999999974e-10
	2.424342451408745e-04
	9.898107099602715e-06
 840	8.399999999999974e-10
	2.413813979808852e-04
	5.979955158434779e-06
 841	8.409999999999974e-10
	2.415044312734096e-04
	3.838504386480606e-06
 842	8.419999999999974e-10
	2.412791228476986e-04
	3.106941469273232e-06
 843	8.429999999999974e-10
	2.409631298402342e-04
	-1.044201090785709e-06
 844	8.439999999999974e-10
	2.413143498776613e-04
	-7.962138538412056e-06
 845	8.449999999999974e-10
	2.423864992852045e-04
	-1.252965545204658e-05
 846	8.459999999999974e-10
	2.437576093783048e-04
	-4.654413764548881e-06
 847	8.469999999999974e-10
	2.434732226033011e-04
	7.985736613810613e-06
 848	8.479999999999974e-10
	2.416907057161088e-04
	8.591013087854784e-06
 849	8.489999999999974e-10
	2.414009220317446e-04
	4.408862021282998e-06
 850	8.499999999999974e-10
	2.414318444542892e-04
	3.722733362626891e-06
 851	8.509999999999974e-10
	2.410774482887636e-04
	1.710537692880547e-06
 852	8.519999999999974e-10
	2.409861780542327e-04
	-3.947412264703092e-06
 853	8.529999999999974e-10
	2.417354970258809e-04
	-1.111349893439871e-05
 854	8.539999999999974e-10
	2.429840564704521e-04
	-1.069547706019581e-05
 855	8.549999999999974e-10
	2.439900383376613e-04
	1.984387590653893e-06
 856	8.559999999999974e-10
	2.425910227428118e-04
	9.880121606690087e-06
 857	8.569999999999974e-10
	2.413726788668366e-04
	6.395382577499818e-06
 858	8.579999999999973e-10
	2.414707215809688e-04
	3.835602637229872e-06
 859	8.589999999999973e-10
	2.412797642317138e-04
	3.228847885188976e-06
 860	8.599999999999973e-10
	2.409331518465963e-04
	-4.643489010955360e-07
 861	8.609999999999973e-10
	2.412225312017320e-04
	-7.251499056250439e-06
 862	8.619999999999973e-10
	2.422405648906694e-04
	-1.275371139253582e-05
 863	8.629999999999973e-10
	2.436022430695743e-04
	-5.877515384709759e-06
 864	8.639999999999973e-10
	2.435988173529058e-04
	7.302212110562576e-06
 865	8.649999999999973e-10
	2.417870146990677e-04
	9.040425246514800e-06
 866	8.659999999999973e-10
	2.413723073116817e-04
	4.685028325425146e-06
 867	8.669999999999973e-10
	2.414452079988359e-04
	3.772465445547374e-06
 868	8.679999999999973e-10
	2.411021258929287e-04
	1.988834923412956e-06
 869	8.689999999999973e-10
	2.409352259269954e-04
	-3.284088855651063e-06
 870	8.699999999999973e-10
	2.416329186404543e-04
	-1.045696601820387e-05
 871	8.709999999999973e-10
	2.428418368929928e-04
	-1.152166791473241e-05
 872	8.719999999999973e-10
	2.439519189322273e-04
	5.788918820060290e-07
 873	8.729999999999973e-10
	2.427588736806523e-04
	9.737096329220886e-06
 874	8.739999999999973e-10
	2.413806000746351e-04
	6.852670478042398e-06
 875	8.749999999999973e-10
	2.414516783460586e-04
	3.932989765790397e-06
 876	8.759999999999973e-10
	2.413145329985626e-04
	3.460331863092789e-06
 877	8.769999999999973e-10
	2.409610138650692e-04
	-2.737735033989277e-08
 878	8.779999999999973e-10
	2.411478965824749e-04
	-6.574744523433433e-06
 879	8.789999999999973e-10
	2.421374790359778e-04
	-1.239978098199265e-05
 880	8.799999999999973e-10
	2.435012444873259e-04
	-7.094614998677454e-06
 881	8.809999999999973e-10
	2.437252671712077e-04
	6.368929033455261e-06
 882	8.819999999999973e-10
	2.419258117135321e-04
	9.303265490196187e-06
 883	8.829999999999973e-10
	2.413475166123246e-04
	4.893026862358535e-06
 884	8.839999999999973e-10
	2.414508442151870e-04
	3.775883908799624e-06
 885	8.849999999999973e-10
	2.411361024224215e-04
	2.372987399359107e-06
 886	8.859999999999973e-10
	2.409344562662581e-04
	-2.704972651739745e-06
 887	8.869999999999972e-10
	2.415400544107221e-04
	-9.916134224866974e-06
 888	8.879999999999972e-10
	2.427183255597426e-04
	-1.184464368257503e-05
 889	8.889999999999972e-10
	2.439421019873383e-04
	-6.749613566740900e-07
 890	8.899999999999972e-10
	2.429583995424069e-04
	9.544358847057570e-06
 891	8.909999999999972e-10
	2.414482210814902e-04
	7.291749569152529e-06
 892	8.919999999999972e-10
	2.414454224070877e-04
	3.948170439763155e-06
 893	8.929999999999972e-10
	2.413422069956771e-04
	3.503238574327422e-06
 894	8.939999999999972e-10
	2.409765109452066e-04
	4.812889957624439e-07
 895	8.949999999999972e-10
	2.410969618904341e-04
	-5.889238666777601e-06
 896	8.959999999999972e-10
	2.420268678183430e-04
	-1.235438816921693e-05
 897	8.969999999999972e-10
	2.433631311000571e-04
	-8.140544109468107e-06
 898	8.979999999999972e-10
	2.438218787110949e-04
	5.425653628795901e-06
 899	8.989999999999972e-10
	2.420695662290771e-04
	9.658603154434411e-06
 900	8.999999999999972e-10
	2.413498123830175e-04
	5.269406688861957e-06
 901	9.009999999999972e-10
	2.414724082472654e-04
	3.789466326804497e-06
 902	9.019999999999972e-10
	2.411737115596403e-04
	2.586016563893286e-06
 903	9.029999999999972e-10
	2.409149025358857e-04
	-2.090813857069746e-06
 904	9.039999999999972e-10
	2.414520319286444e-04
	-9.237085450870245e-06
 905	9.049999999999972e-10
	2.425881415142524e-04
	-1.238833960575929e-05
 906	9.059999999999972e-10
	2.438701075352728e-04
	-2.075891827745529e-06
 907	9.069999999999972e-10
	2.431238952920741e-04
	9.122791629127188e-06
 908	9.079999999999972e-10
	2.414880799217209e-04
	7.782650039949719e-06
 909	9.089999999999972e-10
	2.414241035983693e-04
	4.130621809552873e-06
 910	9.099999999999972e-10
	2.413778834308582e-04
	3.663791314731974e-06
 911	9.109999999999972e-10
	2.410098740134327e-04
	8.718175545405549e-07
 912	9.119999999999972e-10
	2.410390837833683e-04
	-5.214689292356709e-06
 913	9.129999999999972e-10
	2.419270040227875e-04
	-1.185967649374396e-05
 914	9.139999999999972e-10
	2.432418305147610e-04
	-9.189677092043272e-06
 915	9.149999999999972e-10
	2.438996892999188e-04
	4.282060587265512e-06
 916	9.159999999999971e-10
	2.422339535410116e-04
	9.747092258167265e-06
 917	9.169999999999971e-10
	2.413282110959882e-04
	5.567577616100141e-06
 918	9.179999999999971e-10
	2.414653582967314e-04
	3.811256955769512e-06
 919	9.189999999999971e-10
	2.412090781815738e-04
	2.901159184541616e-06
 920	9.199999999999971e-10
	2.409061898257656e-04
	-1.500966845239956e-06
 921	9.209999999999971e-10
	2.413703185130974e-04
	-8.677366739960293e-06
 922	9.219999999999971e-10
	2.424776088223194e-04
	-1.246836499829882e-05
 923	9.229999999999971e-10
	2.438251546776335e-04
	-3.306465032523748e-06
 924	9.239999999999971e-10
	2.433063212216094e-04
	8.649995242657224e-06
 925	9.249999999999971e-10
	2.415939036848919e-04
	8.179426579539681e-06
 926	9.259999999999971e-10
	2.414204418527366e-04
	4.240714125393561e-06
 927	9.269999999999971e-10
	2.414157094497474e-04
	3.688830981474796e-06
 928	9.279999999999971e-10
	2.410561206267295e-04
	1.344549330377022e-06
 929	9.289999999999971e-10
	2.410327005436010e-04
	-4.564041046889392e-06
 930	9.299999999999971e-10
	2.418500856944152e-04
	-1.161385073188516e-05
 931	9.309999999999971e-10
	2.431372560559697e-04
	-9.946750617334909e-06
 932	9.319999999999972e-10
	2.439939890143292e-04
	3.222866266148072e-06
 933	9.329999999999973e-10
	2.424371336345161e-04
	9.902949067325527e-06
 934	9.339999999999974e-10
	2.413798664396313e-04
	6.001372195431439e-06
 935	9.349999999999975e-10
	2.414999474798483e-04
	3.821647465558055e-06
 936	9.359999999999976e-10
	2.412687825747341e-04
	3.061151179349995e-06
 937	9.369999999999977e-10
	2.409421149665881e-04
	-9.632245061857786e-07
 938	9.379999999999978e-10
	2.413171593134301e-04
	-7.915842406058787e-06
 939	9.389999999999979e-10
	2.423746378467182e-04
	-1.278728700498197e-05
 940	9.399999999999980e-10
	2.437277556126236e-04
	-4.621354553492483e-06
 941	9.409999999999981e-10
	2.434767965252760e-04
	8.089290311307649e-06
 942	9.419999999999982e-10
	2.416920472574530e-04
	8.665983591048486e-06
 943	9.429999999999983e-10
	2.414078389947085e-04
	4.478395693955800e-06
 944	9.439999999999984e-10
	2.414422028348389e-04
	3.771811096207014e-06
 945	9.449999999999985e-10
	2.410843566900204e-04
	1.669467322513277e-06
 946	9.459999999999986e-10
	2.409727023937843e-04
	-3.881329030828725e-06
 947	9.469999999999987e-10
	2.417425820493002e-04
	-1.096776924242183e-05
 948	9.479999999999988e-10
	2.429856743808527e-04
	-1.089045738683550e-05
 949	9.489999999999989e-10
	2.439638411547244e-04
	1.914164232299559e-06
 950	9.499999999999990e-10
	2.425834087004126e-04
	9.935330030793102e-06
 951	9.509999999999991e-10
	2.413633761848623e-04
	6.491689245588143e-06
 952	9.519999999999992e-10
	2.414692372841867e-04
	4.001471946862958e-06
 953	9.529999999999993e-10
	2.412874371016030e-04
	3.493566408814321e-06
 954	9.539999999999994e-10
	2.409499191508994e-04
	-1.961688827184042e-07
 955	9.549999999999995e-10
	2.412177006309359e-04
	-6.697167772328376e-06
 956	9.559999999999996e-10
	2.422516065401118e-04
	-1.149584240023830e-05
 957	9.569999999999997e-10
	2.436278254109821e-04
	-4.081447552000858e-06
 958	9.579999999999998e-10
	2.436036339918912e-04
	1.054990665543771e-05
 959	9.589999999999999e-10
	2.417714691059335e-04
	1.490147901212221e-05
 960	9.600000000000000e-10
	2.413783024244040e-04
	1.514846783218773e-05
 961	9.610000000000001e-10
	2.414471178126075e-04
	2.220126689527895e-05
 962	9.620000000000002e-10
	2.411117741394712e-04
	3.468487260177883e-05
 963	9.630000000000003e-10
	2.409430323515995e-04
	5.338096310151130e-05
 964	9.640000000000004e-10
	2.416384745314251e-04
	8.978888084486951e-05
 965	9.650000000000005e-10
	2.428899769744659e-04
	1.528233558901831e-04
 966	9.660000000000006e-10
	2.440611694902665e-04
	2.617025076309969e-04
 967	9.670000000000007e-10
	2.429396380052853e-04
	3.475993061840835e-04
 968	9.680000000000008e-10
	2.417294244768716e-04
	2.022154253930920e-04
 969	9.690000000000009e-10
	2.420124266209545e-04
	1.823204876027471e-04
 970	9.700000000000010e-10
	2.421371288791996e-04
	3.166600812721822e-04
 971	9.710000000000011e-10
	2.418226134014570e-04
	1.754973183276574e-04
 972	9.720000000000012e-10
	2.409681558652995e-04
	2.929747295591659e-05
 973	9.730000000000013e-10
	2.400096795947583e-04
	3.146935925115475e-05
 974	9.740000000000014e-10
	2.406761050134178e-04
	3.955367733348008e-05
 975	9.750000000000015e-10
	2.432400594554541e-04
	4.050175154331933e-05
 976	9.760000000000016e-10
	2.433781226951063e-04
	3.526454694313378e-05
 977	9.770000000000017e-10
	2.414797594372781e-04
	1.398377104073159e-05
 978	9.780000000000018e-10
	2.417194282290557e-04
	-2.085718135002814e-06
 979	9.790000000000019e-10
	2.431847964968630e-04
	-4.078630632836791e-06
 980	9.800000000000020e-10
	2.438254879945661e-04
	3.294877661873068e-06
 981	9.810000000000021e-10
	2.439024698455620e-04
	7.886366926973313e-06
 982	9.820000000000022e-10
	2.447934096991309e-04
	6.119824187518122e-06
 983	9.830000000000023e-10
	2.470160168423608e-04
	3.806343093444853e-06
 984	9.840000000000024e-10
	2.476084206762939e-04
	-8.221188131363133e-07
 985	9.850000000000025e-10
	2.467498423025827e-04
	-1.209729884594747e-05
 986	9.860000000000026e-10
	2.455023606814784e-04
	-1.370904643939214e-05
 987	9.870000000000027e-10
	2.440695627113499e-04
	9.625244322137291e-07
 988	9.880000000000028e-10
	2.438159590625371e-04
	8.499249091381655e-06
 989	9.890000000000029e-10
	2.432631319758308e-04
	5.852072720732823e-06
 990	9.900000000000030e-10
	2.424904020849530e-04
	4.702105941299419e-06
 991	9.910000000000031e-10
	2.430355911446528e-04
	4.662347471904409e-06
 992	9.920000000000032e-10
	2.439260546957511e-04
	2.319363725617802e-06
 993	9.930000000000033e-10
	2.430448580480025e-04
	-5.964096459413074e-06
 994	9.940000000000034e-10
	2.421047081185202e-04
	-1.494646575911594e-05
 995	9.950000000000035e-10
	2.405450424190417e-04
	-8.004383582767322e-06
 996	9.960000000000036e-10
	2.397396129432043e-04
	5.866318307456181e-06
 997	9.970000000000037e-10
	2.396472317033924e-04
	7.581058786721980e-06
 998	9.980000000000038e-10
	2.388486758262773e-04
	4.817528716402001e-06
 999	9.990000000000039e-10
	2.382497259785564e-04
	4.639295312187651e-06
 1000	1.000000000000004e-09
	2.391046175606077e-04
	4.348903752541745e-06
