8 5 0.0001
0.000000000E+00
-1.623146849E-02
0.000000000E+00
0.000000000E+00
0.000000000E+00
3.999357798E-04
0.000000000E+00
0.000000000E+00
1.623146849E-02
0.000000000E+00
0.000000000E+00
0.000000000E+00
-3.999357798E-04
0.000000000E+00
0.000000000E+00
0.000000000E+00
0.000000000E+00
0.000000000E+00
0.000000000E+00
4.042883797E-04
0.000000000E+00
0.000000000E+00
0.000000000E+00
-1.664778083E-01
0.000000000E+00
0.000000000E+00
-4.042883797E-04
0.000000000E+00
0.000000000E+00
0.000000000E+00
1.664778083E-01
0.000000000E+00
-4.042883797E-04
0.000000000E+00
1.623146849E-02
0.000000000E+00
1.664778083E-01
0.000000000E+00
-3.999357798E-04
0.000000000E+00
