8 5 0.0001
0.000000000E+00
-1.593043695E-02
0.000000000E+00
0.000000000E+00
0.000000000E+00
4.004269554E-04
0.000000000E+00
0.000000000E+00
1.593043695E-02
0.000000000E+00
0.000000000E+00
0.000000000E+00
-4.004269554E-04
0.000000000E+00
0.000000000E+00
0.000000000E+00
0.000000000E+00
0.000000000E+00
0.000000000E+00
4.027977971E-04
0.000000000E+00
0.000000000E+00
0.000000000E+00
-1.645049622E-01
0.000000000E+00
0.000000000E+00
-4.027977971E-04
0.000000000E+00
0.000000000E+00
0.000000000E+00
1.645049622E-01
0.000000000E+00
-4.027977971E-04
0.000000000E+00
1.593043695E-02
0.000000000E+00
1.645049622E-01
0.000000000E+00
-4.004269554E-04
0.000000000E+00
