(Symbol root);
($Id:$);
(PHYSICAL);
(RESOLUTION 1000);
9 root;
DS 0 1 1;
DF;
E
(ELECTRICAL);
(RESOLUTION 1000);
5 7103 (||2:-26000 26000||) (||1:-27000 9000||) (||2:-26000 20000||);
5 7102 (||2:-26000 26000||) (||1:-113000 9000||) (||1:-27000 9000||) (||2:-26000 20000||) (||1:72000 -3000||);
5 7101 tran 1p 10n;
5 14 1 LQ 0 LT 0 0.1;
5 11 X 0 subckt;
9 root;
DS 0 1 1;
(SymbolCall JTL);
5 10 5 1 -89000 9000 X0OUT;
5 10 6 0 -121000 9000 X0IN;
5 11 X 0 subckt;
1 Bound -121000 -3600 -89000 21600;
9 JTL;
C 0 T -121000 -1000;
(SymbolCall JTL);
5 10 2 1 -57000 9000 X1OUT;
5 10 5 0 -89000 9000 X1IN;
5 11 X 1 subckt;
1 Bound -89000 -3600 -57000 21600;
9 JTL;
C 0 T -89000 -1000;
(SymbolCall JTL);
5 10 10 1 8000 -3000 X2OUT;
5 10 3 0 -24000 -3000 X2IN;
5 11 X 2 subckt;
1 Bound -24000 -15600 8000 9600;
9 JTL;
C 0 T -24000 -13000;
(SymbolCall JTL);
5 10 11 1 40000 -3000 X3OUT;
5 10 10 0 8000 -3000 X3IN;
5 11 X 3 subckt;
1 Bound 8000 -15600 40000 9600;
9 JTL;
C 0 T 8000 -13000;
(SymbolCall JTL);
5 10 15 1 72000 -3000 X4OUT;
5 10 11 0 40000 -3000 X4IN;
5 11 X 4 subckt;
1 Bound 40000 -15600 72000 9600;
9 JTL;
C 0 T 40000 -13000;
(SymbolCall gnd);
5 10 0 0 -27000 37000;
1 Bound -28000 37000 -26000 39600;
( Rotate 180 );
9 gnd;
C 0 R -1 0 T -26000 38000;
(SymbolCall gnd);
5 10 0 0 -34000 27000;
1 Bound -35000 27000 -33000 29600;
( Rotate 180 );
9 gnd;
C 0 R -1 0 T -33000 28000;
(SymbolCall gnd);
5 10 0 0 -17000 27000;
1 Bound -17000 26000 -14400 28000;
( Rotate 270 );
9 gnd;
C 0 MY R 0 -1 T -16000 28000;
(SymbolCall gnd);
5 10 0 0 -45000 19000;
1 Bound -46000 19000 -44000 21600;
( Rotate 180 );
9 gnd;
C 0 R -1 0 T -44000 20000;
(SymbolCall gnd);
5 10 0 0 -14000 14000;
1 Bound -14000 13000 -11400 15000;
( Rotate 90 );
9 gnd;
C 0 R 0 1 T -13000 13000;
(SymbolCall gnd);
5 10 0 0 -121000 -1000;
1 Bound -122000 -3600 -120000 -1000;
9 gnd;
C 0 T -122000 -2000;
(SymbolCall ind2);
5 10 7 0 -27000 19000 LC_0;
5 10 0 1 -19000 19000 LC_1;
5 15 -26000 20000 1 0;
5 17 mutual;
5 2 60p;
5 11 LT.LC 0;
1 Bound -27000 19000 -19000 20250;
( Rotate 90 );
9 ind2;
C 0 R 0 1 T -17000 18000;
(SymbolCall ind2);
5 2 20.5p;
5 15 -52000 10000 1 0;
5 11 LT 1;
5 10 2 0 -53000 9000 LT1_0;
5 10 8 1 -45000 9000 LT1_1;
1 Bound -53000 9000 -45000 10250;
( Rotate 90 );
9 ind2;
C 0 R 0 1 T -43000 8000;
(SymbolCall ind2);
5 2 20.5p;
5 11 LT 2;
5 10 9 1 -37000 9000 LT2_1;
5 10 8 0 -45000 9000 LT2_0;
5 15 -44000 10000 1 0;
1 Bound -45000 9000 -37000 10250;
( Rotate 90 );
9 ind2;
C 0 R 0 1 T -35000 8000;
(SymbolCall ind2);
5 2 20.5p;
5 10 3 0 -27000 -3000 LT3_0;
5 10 1 1 -27000 5000 LT3_1;
5 15 -28000 -2000 0 1;
5 11 LT 3;
1 Bound -28250 -3000 -27000 5000;
( Rotate 180 );
9 ind2;
C 0 R -1 0 T -26000 7000;
(SymbolCall ind3);
5 2 645p;
5 10 4 0 -27000 27000 LJPM_0;
5 10 0 1 -17000 27000 LJPM_1;
5 15 -26000 26000 1 0;
5 17 mutual;
5 11 LQ.LJPM 0;
1 Bound -27000 25500 -17000 27000;
( Rotate 270 );
9 ind3;
C 0 MY R 0 -1 T -17000 28000;
(SymbolCall isrc);
5 10 4 1 -27000 27000 I0_1;
5 10 0 0 -27000 37000 I0_0;
5 15 -27000 31000 0 -1 @<name>[c];
5 3 -1u 1u 0 5p 5p 2n 4n;
5 5 nophys;
5 11 I 0;
5 2 pulse;
1 Bound -29000 27000 -25000 37000;
( Rotate 180 );
9 isrc;
C 0 MY R -1 0 T -25000 27000;
(SymbolCall isrc);
5 2 9u;
5 10 1 1 -34000 17000 I1_1;
5 10 0 0 -34000 27000 I1_0;
5 15 -34000 21000 0 -1 @<name>[c];
5 5 nophys;
5 11 I 1;
1 Bound -36000 17000 -32000 27000;
( Rotate 180 );
9 isrc;
C 0 MY R -1 0 T -32000 17000;
(SymbolCall isrc);
5 2 8u;
5 11 I 2;
5 5 nophys;
5 10 0 0 -45000 19000 I2_0;
5 10 8 1 -45000 9000 I2_1;
5 15 -45000 13000 0 -1 @<name>[c];
1 Bound -47000 9000 -43000 19000;
( Rotate 180 );
9 isrc;
C 0 MY R -1 0 T -43000 9000;
(SymbolCall jj);
5 10 12 2 -28000 17000 B1P_2;
5 10 1 1 -27000 9000 B1P-;
5 10 7 0 -27000 19000 B1P+;
5 3 area=4;
5 11 B.B1p 0;
5 1 jjs;
1 Bound -28500 9000 -25500 19000;
9 jj;
C 0 T -28000 9000;
(SymbolCall jj);
5 10 13 2 -35000 8000 B2_2;
5 10 1 1 -27000 9000 B2-;
5 10 9 0 -37000 9000 B2+;
5 3 area=4;
5 11 B.B2 1;
5 1 jjs;
1 Bound -37000 7500 -27000 10500;
( Rotate 90 );
9 jj;
C 0 R 0 1 T -27000 8000;
(SymbolCall jj);
5 10 14 2 -25000 8000 B1_2;
5 10 0 1 -17000 9000 B1-;
5 10 1 0 -27000 9000 B1+;
5 3 area=4;
5 11 B.B1 2;
5 1 jjs;
1 Bound -27000 7500 -17000 10500;
( Rotate 90 );
9 jj;
C 0 R 0 1 T -17000 8000;
(SymbolCall vsrc);
5 10 0 1 -121000 -1000 V0_1;
5 10 6 0 -121000 9000 V0_0;
5 15 -121000 5000 0 -1;
5 3 0 0 0.1n 1p 0.5n;
5 2 gpulse;
5 5 nophys;
5 11 V 0;
1 Bound -123000 -1000 -119000 9000;
9 vsrc;
C 0 T -123000 -1000;
L SCED;
5 10 0;
W2 0 -17000 9000 -17000 14000 -17000 19000 -19000 19000;
5 10 1;
W2 0 -34000 17000 -27000 9000 -27000 5000;
5 10 0;
W2 0 -14000 14000 -17000 14000;
5 10 2;
W2 0 -57000 9000 -53000 9000;
5 10 3;
W2 0 -27000 -3000 -24000 -3000;
L NAME;
5 16 I 0 11;
94 <<I0>> -29250 35750 320 975 1000;
5 16 LQ 0 11;
94 <<LJPM>> -26750 27250 0 2475 1000;
5 16 I 1 11;
94 <<I1>> -36250 25750 320 750 1000;
5 16 LT 0 11;
94 <<LC>> -26750 20500 0 1275 1000;
5 16 I 2 11;
94 <<I2>> -47250 17750 320 975 1000;
5 16 B 0 11;
94 <<B1p>> -28750 17750 320 1617 1029;
5 16 X 0 11;
94 <<X0>> -113750 12250 0 1275 1000;
5 16 X 1 11;
94 <<X1>> -81750 12250 0 1050 1000;
5 16 B 1 11;
94 <<B2>> -36750 10750 0 1250 1029;
5 16 B 2 11;
94 <<B1>> -26750 10750 0 1029 1029;
5 16 LT 1 11;
94 <<LT1>> -52750 10500 0 1650 1000;
5 16 LT 2 11;
94 <<LT2>> -44750 10500 0 1875 1000;
5 16 V 0 11;
94 <<V0>> -123250 7750 320 1275 1000;
5 16 LT 3 11;
94 <<LT3>> -28500 3750 320 1875 1000;
5 16 X 2 11;
94 <<X2>> -16750 250 0 1275 1000;
5 16 X 3 11;
94 <<X3>> 15250 250 0 1275 1000;
5 16 X 4 11;
94 <<X4>> 47250 250 0 1275 1000;
L MODL;
5 16 B 0 1;
94 <<jjs>> -29250 14750 256 1691 1029;
5 16 B 1 1;
94 <<jjs>> -31250 10250 320 1691 1029;
5 16 B 2 1;
94 <<jjs>> -21250 10250 320 1691 1029;
L VALU;
5 16 I 0 2;
94 <<pulse>> -24750 36750 33024 2775 1000;
5 16 I 1 2;
94 <<9u>> -31750 26750 33024 1250 1029;
5 16 LQ 0 2;
94 <<645p>> -17250 25250 33088 2426 1029;
5 16 K 1 14;
94 <<K1=0.1>> -24000 22437 0 2720 1029;
5 16 I 2 2;
94 <<8u>> -42750 18750 33024 1250 1029;
5 16 LT 0 2;
94 <<60p>> -19250 18750 33088 1838 1029;
5 16 LT 1 2;
94 <<20.5p>> -45250 8750 33088 2647 1029;
5 16 LT 2 2;
94 <<20.5p>> -37250 8750 33088 2647 1029;
5 16 V 0 2;
94 <<gpulse>> -126750 5750 33024 3375 1000;
5 16 LT 3 2;
94 <<20.5p>> -26750 4750 33024 2647 1029;
L PARM;
5 16 I 0 3;
94 <<-1u 1u 0 5p 5p 2n 4n>> -23750 28250 32768 11395 1029;
5 16 B 0 3;
94 <<area=4>> -26250 13250 32768 3529 1029;
5 16 B 2 3;
94 <<area=4>> -21750 8250 33024 3529 1029;
5 16 B 1 3;
94 <<area=4>> -32750 7250 33024 3529 1029;
5 16 V 0 3;
94 <<0 0 0.1n 1p 0.5n>> -131750 3250 32768 8307 1029;
L SPTX;
94 <<.model jjs jj(icrit=1u, cap=40f, vshunt=90u)>> -111000 33000 0 78592 3584;
94 <<.temp -272>> -111000 29000 0 19200 3584;
94 <<.options ysep>> -111000 25000 0 24064 3584;
DF;
E
