(Symbol splitter);
($Id:$);
(PHYSICAL);
(RESOLUTION 1000);
9 splitter;
DS 0 1 1;
DF;
E
(ELECTRICAL);
(RESOLUTION 1000);
5 10 1 0 -9000:-1000 20000:14000 0x0 IN;
5 10 2 1 21000:7000 4000:15000 0x0 OUT1;
5 10 3 2 31000:7000 20000:13000 0x0 OUT2;
5 9 1 0 0 -6000:-9000 24000:16000;
5 7101 tran 1p 20n;
5 18 1
  L ETC2:
  94 <<SPL>> 4000 15000 320 1800 1448:
  L ETC1:
  B 6000 4000 3000 14000:
  L SCED:
  W 0 6000 15000 7000 15000:
  W 0 0 14000 -1000 14000:
  W 0 6000 13000 7000 13000:
  L VALU:
  94 <<out1>> 6000 15000 320 928 448:
  94 <<in>> 1000 14000 320 416 448:
  94 <<out2>> 6000 13000 320 1024 448:
;
5 11 X 0 subckt;
9 splitter;
DS 0 1 1;
(SymbolCall gnd);
5 10 0 0 11000 30000;
1 Bound 10000 30000 12000 32600;
9 gnd;
C 0 MY T 10000 31000;
(SymbolCall gnd);
5 10 0 0 1000 10000;
1 Bound 0 7400 2000 10000;
9 gnd;
C 0 T 0 9000;
(SymbolCall gnd);
5 10 0 0 21000 10000;
1 Bound 20000 7400 22000 10000;
9 gnd;
C 0 T 20000 9000;
(SymbolCall gnd);
5 10 0 0 11000 -9000;
1 Bound 10000 -11600 12000 -9000;
9 gnd;
C 0 T 10000 -10000;
(SymbolCall ind);
5 10 6 1 1000 20000 L0-;
5 10 1 0 -9000 20000 L0+;
5 15 -8000 21000 1 0;
5 2 100p;
5 11 L 0;
1 Bound -9000 20000 1000 21500;
( Rotate 90 );
9 ind;
C 0 R 0 1 T 1000 19000;
(SymbolCall ind);
5 10 5 1 11000 20000 L1-;
5 10 6 0 1000 20000 L1+;
5 15 2000 21000 1 0;
5 2 50p;
5 11 L 1;
1 Bound 1000 20000 11000 21500;
( Rotate 90 );
9 ind;
C 0 R 0 1 T 11000 19000;
(SymbolCall ind);
5 10 7 1 21000 20000 L2-;
5 10 5 0 11000 20000 L2+;
5 15 12000 21000 1 0;
5 2 50p;
5 11 L 2;
1 Bound 11000 20000 21000 21500;
( Rotate 90 );
9 ind;
C 0 R 0 1 T 21000 19000;
(SymbolCall ind);
5 10 3 1 31000 20000 L3-;
5 10 7 0 21000 20000 L3+;
5 15 22000 21000 1 0;
5 2 100p;
5 11 L 3;
1 Bound 21000 20000 31000 21500;
( Rotate 90 );
9 ind;
C 0 R 0 1 T 31000 19000;
(SymbolCall ind);
5 10 4 1 11000 10000 L4-;
5 10 5 0 11000 20000 L4+;
5 15 12000 19000 0 -1;
5 2 50p;
5 11 L 4;
1 Bound 11000 10000 12500 20000;
9 ind;
C 0 T 10000 10000;
(SymbolCall ind);
5 10 2 1 21000 4000 L5-;
5 10 4 0 11000 4000 L5+;
5 15 12000 5000 1 0;
5 2 100p;
5 11 L 5;
1 Bound 11000 4000 21000 5500;
( Rotate 90 );
9 ind;
C 0 R 0 1 T 21000 3000;
(SymbolCall isrc);
5 10 5 1 11000 20000 I0_1;
5 10 0 0 11000 30000 I0_0;
5 15 11000 24000 0 -1 @<name>[c];
5 2 22.5u;
5 5 nophys;
5 11 I 0;
1 Bound 9000 20000 13000 30000;
9 isrc;
C 0 T 9000 20000;
(SymbolCall jj);
5 10 8 2 0 18000 B0_2;
5 10 0 1 1000 10000 B0-;
5 10 6 0 1000 20000 B0+;
5 1 jjs;
5 3 area=10;
5 11 B 0;
1 Bound -500 10000 2500 20000;
9 jj;
C 0 T 0 10000;
(SymbolCall jj);
5 10 9 2 20000 18000 B1_2;
5 10 0 1 21000 10000 B1-;
5 10 7 0 21000 20000 B1+;
5 1 jjs;
5 3 area=10;
5 11 B 1;
1 Bound 19500 10000 22500 20000;
9 jj;
C 0 T 20000 10000;
(SymbolCall jj);
5 10 10 2 10000 -1000 B2_2;
5 10 0 1 11000 -9000 B2-;
5 10 4 0 11000 1000 B2+;
5 11 B 2;
5 3 area=10;
5 1 jjs;
1 Bound 9500 -9000 12500 1000;
9 jj;
C 0 T 10000 -9000;
L SCED;
5 10 4;
W2 0 11000 1000 11000 4000 11000 10000;
L NAME;
5 16 I 0 11;
94 <<I0>> 8750 28750 320 975 1000;
5 16 L 0 11;
94 <<L0>> -8750 21750 0 1275 1000;
5 16 L 1 11;
94 <<L1>> 1250 21750 0 1050 1000;
5 16 L 2 11;
94 <<L2>> 11250 21750 0 1275 1000;
5 16 L 3 11;
94 <<L3>> 21250 21750 0 1275 1000;
5 16 B 0 11;
94 <<B0>> -750 18750 320 1275 1000;
5 16 L 4 11;
94 <<L4>> 10750 18750 320 1275 1000;
5 16 B 1 11;
94 <<B1>> 19250 18750 320 1050 1000;
5 16 L 5 11;
94 <<L5>> 11250 5750 0 1275 1000;
5 16 B 2 11;
94 <<B2>> 9250 -250 320 1275 1000;
L MODL;
5 16 B 0 1;
94 <<jjs>> 2750 19750 256 1725 1000;
5 16 B 1 1;
94 <<jjs>> 22750 19750 256 1725 1000;
5 16 B 2 1;
94 <<jjs>> 12750 750 256 1725 1000;
L VALU;
5 16 I 0 2;
94 <<22.5u>> 13250 29750 33024 2647 1029;
5 16 L 0 2;
94 <<100p>> 750 19750 33088 2250 1000;
5 16 L 1 2;
94 <<50p>> 10750 19750 33088 1875 1000;
5 16 L 2 2;
94 <<50p>> 20750 19750 33088 1875 1000;
5 16 L 3 2;
94 <<100p>> 30750 19750 33088 2250 1000;
5 16 L 4 2;
94 <<50p>> 13750 14250 33028 1875 1000;
5 16 L 5 2;
94 <<100p>> 20750 3750 33088 2250 1000;
L PARM;
5 16 B 0 3;
94 <<area=10>> 2750 10250 32768 3975 1000;
5 16 B 1 3;
94 <<area=10>> 22750 10250 32768 3975 1000;
5 16 B 2 3;
94 <<area=10>> 12750 -8750 32768 3975 1000;
DF;
E
