0.0 -5.719891774152368e-11
0.1 2.853425526664089e-11
0.2 2.6826677155827716e-11
0.30000000000000004 1.8413234633399463e-11
0.4 -1.3056802888602967e-11
0.5 -1.1388923412708202e-10
0.6 -3.752839612227257e-10
0.7 -5.213193347855389e-10
0.7999999999999999 4.222401031677434e-09
0.8999999999999999 -4.107213113727607e-08
0.9999999999999999 3.387380617435678
1.0999999999999999 3.4728122884333907
1.2 3.548496762626986
1.3 3.615141326214335
1.4000000000000001 3.672226071170124
1.5000000000000002 3.7266840411691775
1.6000000000000003 3.777862014052974
1.7000000000000004 3.8246360372439403
1.8000000000000005 3.870101432428639
1.9000000000000006 3.9103926047172255
2.0000000000000004 3.9510000176907463
2.1000000000000005 3.9902694535128496
2.2000000000000006 4.027138521575885
2.3000000000000007 4.063394958372483
2.400000000000001 4.098567405520157
2.500000000000001 4.132142398516024
2.600000000000001 4.166595776932691
2.700000000000001 4.199059799126942
2.800000000000001 4.231496529747723
2.9000000000000012 4.263492731598941
3.0000000000000013 4.29458530390249
3.1000000000000014 4.3267905801943005
3.2000000000000015 4.358930986077344
3.3000000000000016 4.389806621788253
3.4000000000000017 4.421330894809843
3.5000000000000018 4.452670316868524
3.600000000000002 4.4835952046562415
3.700000000000002 4.516006109610622
3.800000000000002 4.548498494718193
3.900000000000002 4.580009938348981
4.000000000000002 4.611891490839816
4.100000000000001 4.645229893265742
4.200000000000001 4.679186599677507
4.300000000000001 4.712207342236168
4.4 4.7464940949360495
4.5 4.781673057708704
4.6 4.817269171583842
4.699999999999999 4.853669188850271
4.799999999999999 4.889863560984639
4.899999999999999 4.928058685966478
4.999999999999998 4.966758799239269
4.899999999999999 4.927186868641893
4.799999999999999 4.890314159523323
4.699999999999999 4.852995107032964
4.6 4.817321054564923
4.5 4.78106108628486
4.4 4.746613982630212
4.300000000000001 4.712179282520107
4.200000000000001 4.6790010585960315
4.100000000000001 4.645259751441245
4.000000000000002 4.612379425463374
3.9000000000000017 4.579935318605933
3.8000000000000016 4.54770113628296
3.7000000000000015 4.516039226011194
3.6000000000000014 4.484256727852477
3.5000000000000013 4.452632054738721
3.4000000000000012 4.421324378085138
3.300000000000001 4.389915955590331
3.200000000000001 4.358733675399125
3.100000000000001 4.3269368520645735
3.000000000000001 4.295952999779945
2.900000000000001 4.263383819504831
2.8000000000000007 4.232118767657881
2.7000000000000006 4.199077923223164
2.6000000000000005 4.165791311234577
2.5000000000000004 4.132334322174831
2.4000000000000004 4.097516162894951
2.3000000000000003 4.063118387993196
2.2 4.026788752468785
2.1 3.989702058099035
2.0 3.951455002459842
1.9 3.910400633170827
1.7999999999999998 3.8693057384172698
1.6999999999999997 3.825127169252882
1.5999999999999996 3.777453606983015
1.4999999999999996 3.7266871334767586
1.3999999999999995 3.674394825296965
1.2999999999999994 3.613612373374087
1.1999999999999993 3.549412474820254
1.0999999999999992 3.474609449641453
0.9999999999999992 3.3869244509722436
0.8999999999999992 3.285445683703386
0.7999999999999993 3.1567705704892566
0.6999999999999993 2.9903889033880064
0.5999999999999993 2.758033985105957
0.49999999999999933 2.4210131520673737
0.39999999999999936 1.974554599252795
0.2999999999999994 1.4698680991827808
0.19999999999999937 6.9588411248999085e-09
0.09999999999999937 -3.173326068364156e-11
-6.38378239159465e-16 -3.4902984792790825e-11
