(Symbol underdamped_JTL);
($Id:$);
(PHYSICAL);
(RESOLUTION 1000);
9 underdamped_JTL;
DS 0 1 1;
DF;
E
(ELECTRICAL);
(RESOLUTION 1000);
5 7103 (||1:-31000 7000||) (||1:101000 7000||);
5 7102 (||1:-31000 7000||) (||1:101000 7000||);
5 7101 tran 1p 100p;
5 14 1 L 27 L 23 .5;
5 14 2 L 3 L 12 .1;
5 14 3 L 2 L 11 .1;
5 14 4 L 1 L 10 .1;
5 14 5 L 0 L 9 .1;
5 14 6 L 8 L 17 .1;
5 14 7 L 7 L 16 .1;
5 14 8 L 6 L 15 .1;
5 14 9 L 5 L 14 .1;
5 14 10 L 4 L 13 .1;
5 19 1 VIN -54000 7000 J1 -32000 5000 J2 -15000 5000 J3 2000 5000 J4 20000 5000;
5 11 X 0 subckt;
9 underdamped_JTL;
DS 0 1 1;
(SymbolCall gnd);
5 10 0 0 -33000 71000;
1 Bound -34000 71000 -32000 73600;
9 gnd;
C 0 MY T -34000 72000;
(SymbolCall gnd);
5 10 0 0 113000 47000;
1 Bound 112000 44400 114000 47000;
9 gnd;
C 0 T 112000 46000;
(SymbolCall gnd);
5 10 0 0 64000 21000;
1 Bound 64000 20000 66600 22000;
( Rotate 90 );
9 gnd;
C 0 R 0 1 T 65000 20000;
(SymbolCall gnd);
5 10 0 0 80000 21000;
1 Bound 80000 20000 82600 22000;
( Rotate 90 );
9 gnd;
C 0 R 0 1 T 81000 20000;
(SymbolCall gnd);
5 10 0 0 97000 21000;
1 Bound 97000 20000 99600 22000;
( Rotate 90 );
9 gnd;
C 0 R 0 1 T 98000 20000;
(SymbolCall gnd);
5 10 0 0 113000 21000;
1 Bound 113000 20000 115600 22000;
( Rotate 90 );
9 gnd;
C 0 R 0 1 T 114000 20000;
(SymbolCall gnd);
5 10 0 0 -19000 20000;
1 Bound -19000 19000 -16400 21000;
( Rotate 90 );
9 gnd;
C 0 R 0 1 T -18000 19000;
(SymbolCall gnd);
5 10 0 0 -2000 20000;
1 Bound -2000 19000 600 21000;
( Rotate 90 );
9 gnd;
C 0 R 0 1 T -1000 19000;
(SymbolCall gnd);
5 10 0 0 16000 20000;
1 Bound 16000 19000 18600 21000;
( Rotate 90 );
9 gnd;
C 0 R 0 1 T 17000 19000;
(SymbolCall gnd);
5 10 0 0 32000 20000;
1 Bound 32000 19000 34600 21000;
( Rotate 90 );
9 gnd;
C 0 R 0 1 T 33000 19000;
(SymbolCall gnd);
5 10 0 0 47000 20000;
1 Bound 47000 19000 49600 21000;
( Rotate 90 );
9 gnd;
C 0 R 0 1 T 48000 19000;
(SymbolCall gnd);
5 10 0 0 -54000 -3000;
1 Bound -55000 -5600 -53000 -3000;
9 gnd;
C 0 T -55000 -4000;
(SymbolCall gnd);
5 10 0 0 -40000 -3000;
1 Bound -41000 -5600 -39000 -3000;
9 gnd;
C 0 T -41000 -4000;
(SymbolCall gnd);
5 10 0 0 -31000 -3000;
1 Bound -32000 -5600 -30000 -3000;
9 gnd;
C 0 T -32000 -4000;
(SymbolCall gnd);
5 10 0 0 -14000 -3000;
1 Bound -15000 -5600 -13000 -3000;
9 gnd;
C 0 T -15000 -4000;
(SymbolCall gnd);
5 10 0 0 3000 -3000;
1 Bound 2000 -5600 4000 -3000;
9 gnd;
C 0 T 2000 -4000;
(SymbolCall gnd);
5 10 0 0 21000 -3000;
1 Bound 20000 -5600 22000 -3000;
9 gnd;
C 0 T 20000 -4000;
(SymbolCall gnd);
5 10 0 0 35000 -3000;
1 Bound 34000 -5600 36000 -3000;
9 gnd;
C 0 T 34000 -4000;
(SymbolCall gnd);
5 10 0 0 52000 -3000;
1 Bound 51000 -5600 53000 -3000;
9 gnd;
C 0 T 51000 -4000;
(SymbolCall gnd);
5 10 0 0 69000 -3000;
1 Bound 68000 -5600 70000 -3000;
9 gnd;
C 0 T 68000 -4000;
(SymbolCall gnd);
5 10 0 0 87000 -3000;
1 Bound 86000 -5600 88000 -3000;
9 gnd;
C 0 T 86000 -4000;
(SymbolCall gnd);
5 10 0 0 101000 -3000;
1 Bound 100000 -5600 102000 -3000;
9 gnd;
C 0 T 100000 -4000;
(SymbolCall gnd);
5 10 0 0 115000 -3000;
1 Bound 114000 -5600 116000 -3000;
9 gnd;
C 0 T 114000 -4000;
(SymbolCall gnd);
5 10 0 0 52000 -14000;
1 Bound 52000 -15000 54600 -13000;
( Rotate 270 );
9 gnd;
C 0 MY R 0 -1 T 53000 -13000;
(SymbolCall gnd);
5 10 0 0 36000 -25000;
1 Bound 35000 -27600 37000 -25000;
( Rotate 180 );
9 gnd;
C 0 MY R -1 0 T 37000 -26000;
(SymbolCall ind);
5 17 mutual;
5 2 55p;
5 15 55000 48000 1 0;
5 11 L 0;
5 10 20 1 64000 47000 L0-;
5 10 21 0 54000 47000 L0+;
1 Bound 54000 47000 64000 48500;
( Rotate 90 );
9 ind;
C 0 R 0 1 T 64000 46000;
(SymbolCall ind);
5 17 mutual;
5 2 55p;
5 15 71000 48000 1 0;
5 11 L 1;
5 10 22 1 80000 47000 L1-;
5 10 23 0 70000 47000 L1+;
1 Bound 70000 47000 80000 48500;
( Rotate 90 );
9 ind;
C 0 R 0 1 T 80000 46000;
(SymbolCall ind);
5 17 mutual;
5 2 55p;
5 15 88000 48000 1 0;
5 11 L 2;
5 10 24 1 97000 47000 L2-;
5 10 25 0 87000 47000 L2+;
1 Bound 87000 47000 97000 48500;
( Rotate 90 );
9 ind;
C 0 R 0 1 T 97000 46000;
(SymbolCall ind);
5 17 mutual;
5 2 55p;
5 15 104000 48000 1 0;
5 11 L 3;
5 10 0 1 113000 47000 L3-;
5 10 26 0 103000 47000 L3+;
1 Bound 103000 47000 113000 48500;
( Rotate 90 );
9 ind;
C 0 R 0 1 T 113000 46000;
(SymbolCall ind);
5 17 mutual;
5 2 55p;
5 15 -28000 47000 1 0;
5 11 L 4;
5 10 27 1 -19000 46000 L4-;
5 10 28 0 -29000 46000 L4+;
1 Bound -29000 46000 -19000 47500;
( Rotate 90 );
9 ind;
C 0 R 0 1 T -19000 45000;
(SymbolCall ind);
5 17 mutual;
5 2 55p;
5 15 -11000 47000 1 0;
5 11 L 5;
5 10 29 1 -2000 46000 L5-;
5 10 30 0 -12000 46000 L5+;
1 Bound -12000 46000 -2000 47500;
( Rotate 90 );
9 ind;
C 0 R 0 1 T -2000 45000;
(SymbolCall ind);
5 17 mutual;
5 2 55p;
5 15 7000 47000 1 0;
5 11 L 6;
5 10 31 1 16000 46000 L6-;
5 10 32 0 6000 46000 L6+;
1 Bound 6000 46000 16000 47500;
( Rotate 90 );
9 ind;
C 0 R 0 1 T 16000 45000;
(SymbolCall ind);
5 17 mutual;
5 2 55p;
5 15 23000 47000 1 0;
5 11 L 7;
5 10 33 1 32000 46000 L7-;
5 10 34 0 22000 46000 L7+;
1 Bound 22000 46000 32000 47500;
( Rotate 90 );
9 ind;
C 0 R 0 1 T 32000 45000;
(SymbolCall ind);
5 17 mutual;
5 2 55p;
5 15 38000 47000 1 0;
5 11 L 8;
5 10 35 1 47000 46000 L8-;
5 10 36 0 37000 46000 L8+;
1 Bound 37000 46000 47000 47500;
( Rotate 90 );
9 ind;
C 0 R 0 1 T 47000 45000;
(SymbolCall ind);
5 17 mutual;
5 2 3.3n;
5 15 55000 22000 1 0;
5 11 L 9;
5 10 0 1 64000 21000 L9-;
5 10 37 0 54000 21000 L9+;
1 Bound 54000 21000 64000 22500;
( Rotate 90 );
9 ind;
C 0 R 0 1 T 64000 20000;
(SymbolCall ind);
5 17 mutual;
5 2 3.3n;
5 15 71000 22000 1 0;
5 11 L 10;
5 10 0 1 80000 21000 L10-;
5 10 38 0 70000 21000 L10+;
1 Bound 70000 21000 80000 22500;
( Rotate 90 );
9 ind;
C 0 R 0 1 T 80000 20000;
(SymbolCall ind);
5 17 mutual;
5 2 3.3n;
5 15 88000 22000 1 0;
5 11 L 11;
5 10 0 1 97000 21000 L11-;
5 10 39 0 87000 21000 L11+;
1 Bound 87000 21000 97000 22500;
( Rotate 90 );
9 ind;
C 0 R 0 1 T 97000 20000;
(SymbolCall ind);
5 17 mutual;
5 2 3.3n;
5 15 104000 22000 1 0;
5 11 L 12;
5 10 0 1 113000 21000 L12-;
5 10 40 0 103000 21000 L12+;
1 Bound 103000 21000 113000 22500;
( Rotate 90 );
9 ind;
C 0 R 0 1 T 113000 20000;
(SymbolCall ind);
5 17 mutual;
5 2 3.3n;
5 15 -28000 21000 1 0;
5 11 L 13;
5 10 0 1 -19000 20000 L13-;
5 10 41 0 -29000 20000 L13+;
1 Bound -29000 20000 -19000 21500;
( Rotate 90 );
9 ind;
C 0 R 0 1 T -19000 19000;
(SymbolCall ind);
5 17 mutual;
5 2 3.3n;
5 15 -11000 21000 1 0;
5 11 L 14;
5 10 0 1 -2000 20000 L14-;
5 10 42 0 -12000 20000 L14+;
1 Bound -12000 20000 -2000 21500;
( Rotate 90 );
9 ind;
C 0 R 0 1 T -2000 19000;
(SymbolCall ind);
5 17 mutual;
5 2 3.3n;
5 15 7000 21000 1 0;
5 11 L 15;
5 10 0 1 16000 20000 L15-;
5 10 43 0 6000 20000 L15+;
1 Bound 6000 20000 16000 21500;
( Rotate 90 );
9 ind;
C 0 R 0 1 T 16000 19000;
(SymbolCall ind);
5 17 mutual;
5 2 3.3n;
5 15 23000 21000 1 0;
5 11 L 16;
5 10 0 1 32000 20000 L16-;
5 10 44 0 22000 20000 L16+;
1 Bound 22000 20000 32000 21500;
( Rotate 90 );
9 ind;
C 0 R 0 1 T 32000 19000;
(SymbolCall ind);
5 17 mutual;
5 2 3.3n;
5 15 38000 21000 1 0;
5 11 L 17;
5 10 0 1 47000 20000 L17-;
5 10 45 0 37000 20000 L17+;
1 Bound 37000 20000 47000 21500;
( Rotate 90 );
9 ind;
C 0 R 0 1 T 47000 19000;
(SymbolCall ind);
5 11 L 18;
5 10 1 0 -54000 7000 L18+;
5 10 6 1 -44000 7000 L18-;
5 2 41p;
5 15 -53000 8000 1 0;
1 Bound -54000 7000 -44000 8500;
( Rotate 90 );
9 ind;
C 0 R 0 1 T -44000 6000;
(SymbolCall ind);
5 2 41p;
5 10 7 1 -18000 7000 L19-;
5 10 6 0 -28000 7000 L19+;
5 15 -27000 8000 1 0;
5 11 L 19;
1 Bound -28000 7000 -18000 8500;
( Rotate 90 );
9 ind;
C 0 R 0 1 T -18000 6000;
(SymbolCall ind);
5 2 41p;
5 10 8 1 -1000 7000 L20-;
5 10 7 0 -11000 7000 L20+;
5 15 -10000 8000 1 0;
5 11 L 20;
1 Bound -11000 7000 -1000 8500;
( Rotate 90 );
9 ind;
C 0 R 0 1 T -1000 6000;
(SymbolCall ind);
5 2 41p;
5 10 9 1 17000 7000 L21-;
5 10 8 0 7000 7000 L21+;
5 15 8000 8000 1 0;
5 11 L 21;
1 Bound 7000 7000 17000 8500;
( Rotate 90 );
9 ind;
C 0 R 0 1 T 17000 6000;
(SymbolCall ind);
5 2 41p;
5 10 10 1 31000 7000 L22-;
5 10 9 0 21000 7000 L22+;
5 15 22000 8000 1 0;
5 11 L 22;
1 Bound 21000 7000 31000 8500;
( Rotate 90 );
9 ind;
C 0 R 0 1 T 31000 6000;
(SymbolCall ind);
5 2 41p;
5 17 mutual;
5 10 11 1 48000 7000 L23-;
5 10 10 0 38000 7000 L23+;
5 15 39000 8000 1 0;
5 11 L 23;
1 Bound 38000 7000 48000 8500;
( Rotate 90 );
9 ind;
C 0 R 0 1 T 48000 6000;
(SymbolCall ind);
5 2 41p;
5 10 12 1 65000 7000 L24-;
5 10 11 0 55000 7000 L24+;
5 15 56000 8000 1 0;
5 11 L 24;
1 Bound 55000 7000 65000 8500;
( Rotate 90 );
9 ind;
C 0 R 0 1 T 65000 6000;
(SymbolCall ind);
5 2 41p;
5 10 13 1 83000 7000 L25-;
5 10 12 0 73000 7000 L25+;
5 15 74000 8000 1 0;
5 11 L 25;
1 Bound 73000 7000 83000 8500;
( Rotate 90 );
9 ind;
C 0 R 0 1 T 83000 6000;
(SymbolCall ind);
5 2 41p;
5 10 14 1 97000 7000 L26-;
5 10 13 0 87000 7000 L26+;
5 15 88000 8000 1 0;
5 11 L 26;
1 Bound 87000 7000 97000 8500;
( Rotate 90 );
9 ind;
C 0 R 0 1 T 97000 6000;
(SymbolCall ind);
5 17 mutual;
5 2 1n;
5 11 L 27;
5 10 15 0 38000 -14000 L27+;
5 10 0 1 48000 -14000 L27-;
5 15 39000 -15000 1 0;
1 Bound 38000 -15500 48000 -14000;
( Rotate 270 );
9 ind;
C 0 MY R 0 -1 T 48000 -13000;
(SymbolCall isrc);
5 2 25u;
5 11 I 0;
5 10 16 1 -33000 61000 I0_1;
5 10 0 0 -33000 71000 I0_0;
5 5 nophys;
5 15 -33000 65000 0 -1 @<name>[c];
1 Bound -35000 61000 -31000 71000;
9 isrc;
C 0 T -35000 61000;
(SymbolCall isrc);
5 2 -1u;
5 5 nophys;
5 11 I 1;
5 10 0 0 36000 -25000 I1_0;
5 10 15 1 36000 -15000 I1_1;
5 15 36000 -19000 0 1 @<name>[c];
1 Bound 34000 -25000 38000 -15000;
9 isrc;
C 0 MY T 34000 -15000;
(SymbolCall jj);
5 3 area=100;
5 1 jjud2;
5 11 B 0;
5 10 17 2 -34000 56000 B0_2;
5 10 18 1 -33000 48000 B0-;
5 10 19 0 -33000 58000 B0+;
1 Bound -34500 48000 -31500 58000;
9 jj;
C 0 T -34000 48000;
(SymbolCall jj);
5 10 2 2 -32000 5000 B1_2;
5 10 0 1 -31000 -3000 B1-;
5 10 6 0 -31000 7000 B1+;
5 1 jjud2;
5 3 area=1;
5 11 B 1;
1 Bound -32500 -3000 -29500 7000;
9 jj;
C 0 T -32000 -3000;
(SymbolCall jj);
5 10 3 2 -15000 5000 B2_2;
5 10 0 1 -14000 -3000 B2-;
5 10 7 0 -14000 7000 B2+;
5 1 jjud2;
5 3 area=1;
5 11 B 2;
1 Bound -15500 -3000 -12500 7000;
9 jj;
C 0 T -15000 -3000;
(SymbolCall jj);
5 10 4 2 2000 5000 B3_2;
5 10 0 1 3000 -3000 B3-;
5 10 8 0 3000 7000 B3+;
5 1 jjud2;
5 3 area=1;
5 11 B 3;
1 Bound 1500 -3000 4500 7000;
9 jj;
C 0 T 2000 -3000;
(SymbolCall jj);
5 10 5 2 20000 5000 B4_2;
5 10 0 1 21000 -3000 B4-;
5 10 9 0 21000 7000 B4+;
5 1 jjud2;
5 3 area=1;
5 11 B 4;
1 Bound 19500 -3000 22500 7000;
9 jj;
C 0 T 20000 -3000;
(SymbolCall jj);
5 10 46 2 34000 5000 B5_2;
5 10 0 1 35000 -3000 B5-;
5 10 10 0 35000 7000 B5+;
5 1 jjud2;
5 3 area=1;
5 11 B 5;
1 Bound 33500 -3000 36500 7000;
9 jj;
C 0 T 34000 -3000;
(SymbolCall jj);
5 10 47 2 51000 5000 B6_2;
5 10 0 1 52000 -3000 B6-;
5 10 11 0 52000 7000 B6+;
5 1 jjud2;
5 3 area=1;
5 11 B 6;
1 Bound 50500 -3000 53500 7000;
9 jj;
C 0 T 51000 -3000;
(SymbolCall jj);
5 10 48 2 68000 5000 B7_2;
5 10 0 1 69000 -3000 B7-;
5 10 12 0 69000 7000 B7+;
5 1 jjud2;
5 3 area=1;
5 11 B 7;
1 Bound 67500 -3000 70500 7000;
9 jj;
C 0 T 68000 -3000;
(SymbolCall jj);
5 10 49 2 86000 5000 B8_2;
5 10 0 1 87000 -3000 B8-;
5 10 13 0 87000 7000 B8+;
5 1 jjud2;
5 3 area=1;
5 11 B 8;
1 Bound 85500 -3000 88500 7000;
9 jj;
C 0 T 86000 -3000;
(SymbolCall jj);
5 10 50 2 100000 5000 B9_2;
5 10 0 1 101000 -3000 B9-;
5 10 14 0 101000 7000 B9+;
5 1 jjud2;
5 3 area=1;
5 11 B 9;
1 Bound 99500 -3000 102500 7000;
9 jj;
C 0 T 100000 -3000;
(SymbolCall res);
5 2 8;
5 15 -41000 6000 0 -1 "<v>/<value>O";
5 11 R 0;
5 10 0 1 -40000 -3000 R0-;
5 10 6 0 -40000 7000 R0+;
1 Bound -41250 -3000 -39000 7000;
9 res;
C 0 T -40000 7000;
(SymbolCall res);
5 2 8;
5 15 114000 6000 0 -1 "<v>/<value>O";
5 11 R 1;
5 10 0 1 115000 -3000 R1-;
5 10 14 0 115000 7000 R1+;
1 Bound 113750 -3000 116000 7000;
9 res;
C 0 T 115000 7000;
(SymbolCall vsrc);
5 11 V 0;
5 5 nophys;
5 2 gpulse;
5 3 0 0 20p 2p 0 20p;
5 10 1 0 -54000 7000 V0_0;
5 10 0 1 -54000 -3000 V0_1;
5 15 -54000 3000 0 -1;
1 Bound -56000 -3000 -52000 7000;
9 vsrc;
C 0 T -56000 -3000;
L SCED;
5 10 6;
W2 0 -44000 7000 -40000 7000 -31000 7000 -28000 7000;
5 10 7;
W2 0 -18000 7000 -14000 7000 -11000 7000;
5 10 8;
W2 0 7000 7000 3000 7000 -1000 7000;
5 10 9;
W2 0 17000 7000 21000 7000;
5 10 10;
W2 0 31000 7000 35000 7000 38000 7000;
5 10 11;
W2 0 48000 7000 52000 7000 55000 7000;
5 10 12;
W2 0 73000 7000 69000 7000 65000 7000;
5 10 13;
W2 0 83000 7000 87000 7000;
5 10 14;
W2 0 97000 7000 101000 7000 115000 7000;
5 10 15;
W2 0 36000 -15000 38000 -14000;
5 10 0;
W2 0 48000 -14000 52000 -14000;
L NAME;
5 16 I 0 11;
94 <<I0>> -35250 69750 320 975 1000;
5 16 B 0 11;
94 <<B0>> -34750 56750 320 1275 1000;
5 16 L 0 11;
94 <<L0>> 54250 48750 0 1275 1000;
5 16 L 1 11;
94 <<L1>> 70250 48750 0 1050 1000;
5 16 L 2 11;
94 <<L2>> 87250 48750 0 1275 1000;
5 16 L 3 11;
94 <<L3>> 103250 48750 0 1275 1000;
5 16 L 4 11;
94 <<L4>> -28750 47750 0 1275 1000;
5 16 L 5 11;
94 <<L5>> -11750 47750 0 1275 1000;
5 16 L 6 11;
94 <<L6>> 6250 47750 0 1275 1000;
5 16 L 7 11;
94 <<L7>> 22250 47750 0 1275 1000;
5 16 L 8 11;
94 <<L8>> 37250 47750 0 1275 1000;
5 16 L 9 11;
94 <<L9>> 54250 22750 0 1275 1000;
5 16 L 10 11;
94 <<L10>> 70250 22750 0 1650 1000;
5 16 L 11 11;
94 <<L11>> 87250 22750 0 1425 1000;
5 16 L 12 11;
94 <<L12>> 103250 22750 0 1650 1000;
5 16 L 13 11;
94 <<L13>> -28750 21750 0 1650 1000;
5 16 L 14 11;
94 <<L14>> -11750 21750 0 1650 1000;
5 16 L 15 11;
94 <<L15>> 6250 21750 0 1650 1000;
5 16 L 16 11;
94 <<L16>> 22250 21750 0 1650 1000;
5 16 L 17 11;
94 <<L17>> 37250 21750 0 1650 1000;
5 16 L 18 11;
94 <<L18>> -53750 8750 0 1650 1000;
5 16 L 19 11;
94 <<L19>> -27750 8750 0 1650 1000;
5 16 L 20 11;
94 <<L20>> -10750 8750 0 1875 1000;
5 16 L 21 11;
94 <<L21>> 7250 8750 0 1650 1000;
5 16 L 22 11;
94 <<L22>> 21250 8750 0 1875 1000;
5 16 L 23 11;
94 <<L23>> 38250 8750 0 1875 1000;
5 16 L 24 11;
94 <<L24>> 55250 8750 0 1875 1000;
5 16 L 25 11;
94 <<L25>> 73250 8750 0 1875 1000;
5 16 L 26 11;
94 <<L26>> 87250 8750 0 1875 1000;
5 16 V 0 11;
94 <<V0>> -56250 5750 320 1275 1000;
5 16 R 0 11;
94 <<R0>> -41500 5750 320 1275 1000;
5 16 B 1 11;
94 <<B1>> -32750 5750 320 1050 1000;
5 16 B 2 11;
94 <<B2>> -15750 5750 320 1275 1000;
5 16 B 3 11;
94 <<B3>> 1250 5750 320 1275 1000;
5 16 B 4 11;
94 <<B4>> 19250 5750 320 1275 1000;
5 16 B 5 11;
94 <<B5>> 33250 5750 320 1275 1000;
5 16 B 6 11;
94 <<B6>> 50250 5750 320 1275 1000;
5 16 B 7 11;
94 <<B7>> 67250 5750 320 1275 1000;
5 16 B 8 11;
94 <<B8>> 85250 5750 320 1275 1000;
5 16 B 9 11;
94 <<B9>> 99250 5750 320 1275 1000;
5 16 R 1 11;
94 <<R1>> 113500 5750 320 1050 1000;
5 16 L 27 11;
94 <<L27>> 38250 -13750 0 1875 1000;
5 16 I 1 11;
94 <<I1>> 33750 -16250 320 750 1000;
L MODL;
5 16 B 0 1;
94 <<jjud2>> -31250 57750 256 2867 1029;
5 16 B 1 1;
94 <<jjud2>> -29250 6750 256 2867 1029;
5 16 B 2 1;
94 <<jjud2>> -12250 6750 256 2867 1029;
5 16 B 3 1;
94 <<jjud2>> 4750 6750 256 2867 1029;
5 16 B 4 1;
94 <<jjud2>> 22750 6750 256 2867 1029;
5 16 B 5 1;
94 <<jjud2>> 36750 6750 256 2867 1029;
5 16 B 6 1;
94 <<jjud2>> 53750 6750 256 2867 1029;
5 16 B 7 1;
94 <<jjud2>> 70750 6750 256 2867 1029;
5 16 B 8 1;
94 <<jjud2>> 88750 6750 256 2867 1029;
5 16 B 9 1;
94 <<jjud2>> 102750 6750 256 2867 1029;
L VALU;
5 16 I 0 2;
94 <<25u>> -30750 70750 33024 1838 1029;
W2 0 -33000 61000 -33000 58000;
W2 0 -33000 48000 -32000 46000 -29000 46000;
W2 0 47000 46000 54000 47000;
W2 0 64000 47000 70000 47000;
W2 0 80000 47000 87000 47000;
W2 0 97000 47000 103000 47000;
5 16 L 0 2;
94 <<55p>> 63750 46750 33088 1875 1000;
5 16 L 1 2;
94 <<55p>> 79750 46750 33088 1875 1000;
5 16 L 2 2;
94 <<55p>> 96750 46750 33088 1875 1000;
5 16 L 3 2;
94 <<55p>> 112750 46750 33088 1875 1000;
W2 0 -19000 46000 -12000 46000;
W2 0 -2000 46000 6000 46000;
W2 0 16000 46000 22000 46000;
W2 0 32000 46000 37000 46000;
5 16 L 4 2;
94 <<55p>> -19250 45750 33088 1875 1000;
5 16 L 5 2;
94 <<55p>> -2250 45750 33088 1875 1000;
5 16 L 6 2;
94 <<55p>> 15750 45750 33088 1875 1000;
5 16 L 7 2;
94 <<55p>> 31750 45750 33088 1875 1000;
5 16 L 8 2;
94 <<55p>> 46750 45750 33088 1875 1000;
5 16 K 5 14;
94 <<K5=.1>> 57800 34250 0 2400 1000;
5 16 K 4 14;
94 <<K4=.1>> 73800 34250 0 2400 1000;
5 16 K 3 14;
94 <<K3=.1>> 90800 34250 0 2400 1000;
5 16 K 2 14;
94 <<K2=.1>> 106800 34250 0 2400 1000;
5 16 K 10 14;
94 <<K10=.1>> -25200 33250 0 2775 1000;
5 16 K 9 14;
94 <<K9=.1>> -8200 33250 0 2400 1000;
5 16 K 8 14;
94 <<K8=.1>> 9800 33250 0 2400 1000;
5 16 K 7 14;
94 <<K7=.1>> 25800 33250 0 2400 1000;
5 16 K 6 14;
94 <<K6=.1>> 40800 33250 0 2400 1000;
W2 0 54000 21000 52000 7000;
W2 0 70000 21000 69000 7000;
W2 0 87000 21000 87000 7000;
W2 0 103000 21000 101000 7000;
5 16 L 9 2;
94 <<3.3n>> 63750 20750 33088 2100 1000;
5 16 L 10 2;
94 <<3.3n>> 79750 20750 33088 2100 1000;
5 16 L 11 2;
94 <<3.3n>> 96750 20750 33088 2100 1000;
5 16 L 12 2;
94 <<3.3n>> 112750 20750 33088 2100 1000;
W2 0 -29000 20000 -31000 20000 -31000 7000;
W2 0 -12000 20000 -14000 20000 -14000 7000;
W2 0 6000 20000 3000 20000 3000 7000;
W2 0 22000 20000 21000 20000 21000 7000;
W2 0 37000 20000 35000 7000;
5 16 L 13 2;
94 <<3.3n>> -19250 19750 33088 2100 1000;
5 16 L 14 2;
94 <<3.3n>> -2250 19750 33088 2100 1000;
5 16 L 15 2;
94 <<3.3n>> 15750 19750 33088 2100 1000;
5 16 L 16 2;
94 <<3.3n>> 31750 19750 33088 2100 1000;
5 16 L 17 2;
94 <<3.3n>> 46750 19750 33088 2100 1000;
5 16 V 0 2;
94 <<gpulse>> -51750 6750 33024 3375 1000;
5 16 L 18 2;
94 <<41p>> -44250 6750 33088 1650 1000;
5 16 L 19 2;
94 <<41p>> -18250 6750 33088 1650 1000;
5 16 L 20 2;
94 <<41p>> -1250 6750 33088 1650 1000;
5 16 L 21 2;
94 <<41p>> 16750 6750 33088 1650 1000;
5 16 L 22 2;
94 <<41p>> 30750 6750 33088 1650 1000;
5 16 L 23 2;
94 <<41p>> 47750 6750 33088 1650 1000;
5 16 L 24 2;
94 <<41p>> 64750 6750 33088 1650 1000;
5 16 L 25 2;
94 <<41p>> 82750 6750 33088 1650 1000;
5 16 L 26 2;
94 <<41p>> 96750 6750 33088 1650 1000;
5 16 K 1 14;
94 <<K1=.5>> 41688 -4000 0 2400 1000;
5 16 I 1 2;
94 <<-1u>> 38250 -15250 33024 1617 1029;
5 16 L 27 2;
94 <<1n>> 47750 -15750 33088 1029 1029;
L PARM;
5 16 B 0 3;
94 <<area=100>> -31250 48250 32768 4485 1029;
5 16 V 0 3;
94 <<0 0 20p 2p 0 20p>> -51750 -2750 32768 9484 1029;
5 16 B 1 3;
94 <<area=1>> -29250 -2750 32768 3375 1000;
5 16 B 2 3;
94 <<area=1>> -12250 -2750 32768 3375 1000;
5 16 B 3 3;
94 <<area=1>> 4750 -2750 32768 3375 1000;
5 16 B 4 3;
94 <<area=1>> 22750 -2750 32768 3375 1000;
5 16 B 5 3;
94 <<area=1>> 36750 -2750 32768 3375 1000;
5 16 B 6 3;
94 <<area=1>> 53750 -2750 32768 3375 1000;
5 16 B 7 3;
94 <<area=1>> 70750 -2750 32768 3375 1000;
5 16 B 8 3;
94 <<area=1>> 88750 -2750 32768 3375 1000;
5 16 B 9 3;
94 <<area=1>> 102750 -2750 32768 3375 1000;
L SPTX;
94 <<.temp -272>> -43000 -21000 256 19200 3584;
94 <<.options ysep>> -42000 -28000 0 12032 1792;
94 <<.model jjud2 jj(icrit=2.0u, cap=300fF, rn=1k, r0=10k)>> -44000 -38000 0 187904 7168;
DF;
E
* Generated by Xic from cell underdamped_JTL
.tran 1p 100p
.plot tran v(6) v(14)
.temp -272
.options ysep
.model jjud2 jj(icrit=2.0u, cap=300fF, rn=1k, r0=10k)
B1 6 0 J1 jjud2 area=1
B2 7 0 J2 jjud2 area=1
B3 8 0 J3 jjud2 area=1
B4 9 0 J4 jjud2 area=1
B5 10 0 46 jjud2 area=1
B6 11 0 47 jjud2 area=1
B7 12 0 48 jjud2 area=1
B8 13 0 49 jjud2 area=1
B9 14 0 50 jjud2 area=1
I1 0 15 -1u
K1 L27 L23 .5
L18 VIN 6 41p
L19 6 7 41p
L20 7 8 41p
L21 8 9 41p
L22 9 10 41p
L23 10 11 41p
L24 11 12 41p
L25 12 13 41p
L26 13 14 41p
L27 15 0 1n
R0 6 0 8
R1 14 0 8
V0 VIN 0 gpulse 0 0 20p 2p 0 20p
.save @I0[c]
.save @I1[c]
