(Symbol SU-UWM-Driver);
($Id:$);
(PHYSICAL);
(RESOLUTION 1000);
9 SU-UWM-Driver;
DS 0 1 1;
DF;
E
(ELECTRICAL);
(RESOLUTION 1000);
5 7102 (||1:-39000 0||) (||1:17000 14000||);
5 7101 tran .1p 450p;
5 11 X 0 subckt;
9 SU-UWM-Driver;
DS 0 1 1;
(SymbolCall gnd);
5 10 0 0 -2000 28000;
1 Bound -3000 28000 -1000 30600;
( Rotate 180 );
9 gnd;
C 0 R -1 0 T -1000 29000;
(SymbolCall gnd);
5 10 0 0 9000 0;
1 Bound 8000 -2600 10000 0;
9 gnd;
C 0 T 8000 -1000;
(SymbolCall gnd);
5 10 0 0 -47000 -10000;
1 Bound -48000 -12600 -46000 -10000;
9 gnd;
C 0 T -48000 -11000;
(SymbolCall gnd);
5 10 0 0 -31000 -16000;
1 Bound -32000 -18600 -30000 -16000;
9 gnd;
C 0 T -32000 -17000;
(SymbolCall gnd);
5 10 0 0 -12000 -18000;
1 Bound -13000 -20600 -11000 -18000;
9 gnd;
C 0 T -13000 -19000;
(SymbolCall ind);
5 10 0 1 -31000 -16000 L8-;
5 10 5 0 -31000 -6000 L8+;
5 15 -30000 -7000 0 -1;
5 2 31.0E-12;
5 11 L.l8 0;
1 Bound -31000 -16000 -29500 -6000;
9 ind;
C 0 T -32000 -16000;
(SymbolCall ind1);
5 10 8 0 -2000 18000 LPI1_0;
5 10 3 1 -2000 14000 LPI1_1;
5 15 -1000 18000 0 -1;
5 2 3.29E-13;
5 11 LP.lpi1 0;
1 Bound -2000 14000 -750 18000;
9 ind1;
C 0 T -3000 9000;
(SymbolCall ind1);
5 10 1 0 -26000 14000 L4_0;
5 10 9 1 -22000 14000 L4_1;
5 15 -26000 15000 1 0;
5 2 5.38E-12;
5 11 LP.l4 1;
1 Bound -26000 14000 -22000 15250;
( Rotate 90 );
9 ind1;
C 0 R 0 1 T -17000 13000;
(SymbolCall ind1);
5 10 2 0 -12000 14000 L6_0;
5 10 3 1 -8000 14000 L6_1;
5 15 -12000 15000 1 0;
5 2 4.72E-12;
5 11 LP.l6 2;
1 Bound -12000 14000 -8000 15250;
( Rotate 90 );
9 ind1;
C 0 R 0 1 T -3000 13000;
(SymbolCall ind1);
5 10 3 0 5000 14000 L13_0;
5 10 10 1 9000 14000 L13_1;
5 15 5000 15000 1 0;
5 2 7.24E-12;
5 11 LP.l13 3;
1 Bound 5000 14000 9000 15250;
( Rotate 90 );
9 ind1;
C 0 R 0 1 T 14000 13000;
(SymbolCall ind1);
5 10 2 0 -12000 7000 L10_0;
5 10 4 1 -12000 3000 L10_1;
5 15 -11000 7000 0 -1;
5 2 8.78E-13;
5 11 LP.l10 4;
1 Bound -12000 3000 -10750 7000;
9 ind1;
C 0 T -13000 -2000;
(SymbolCall ind1);
5 10 11 0 9000 4000 LPJ4_0;
5 10 0 1 9000 0 LPJ4_1;
5 15 10000 4000 0 -1;
5 2 5.49E-13;
5 11 LP.lpj4 5;
1 Bound 9000 0 10250 4000;
9 ind1;
C 0 T 8000 -5000;
(SymbolCall ind1);
5 10 1 0 -31000 0 L5_0;
5 10 5 1 -31000 -4000 L5_1;
5 15 -30000 0 0 -1;
5 2 5.27E-12;
5 11 LP.l5 6;
1 Bound -31000 -4000 -29750 0;
9 ind1;
C 0 T -32000 -9000;
(SymbolCall ind1);
5 10 6 0 -20000 -6000 LPJ3_0;
5 10 7 1 -16000 -6000 LPJ3_1;
5 15 -20000 -5000 1 0;
5 2 2.85E-12;
5 11 LP.lpj3 7;
1 Bound -20000 -6000 -16000 -4750;
( Rotate 90 );
9 ind1;
C 0 R 0 1 T -11000 -7000;
(SymbolCall ind1);
5 10 13 0 -12000 -14000 LPJ2_0;
5 10 0 1 -12000 -18000 LPJ2_1;
5 15 -11000 -14000 0 -1;
5 2 7.68E-13;
5 11 LP.lpj2 8;
1 Bound -12000 -18000 -10750 -14000;
9 ind1;
C 0 T -13000 -23000;
(SymbolCall ind2);
5 10 10 0 9000 14000 L15_0;
5 10 15 1 17000 14000 L15_1;
5 15 10000 15000 1 0;
5 2 8.78E-12;
5 11 LT.l15 0;
1 Bound 9000 14000 17000 15250;
( Rotate 90 );
9 ind2;
C 0 R 0 1 T 19000 13000;
(SymbolCall ind2);
5 10 12 0 -39000 0 L2_0;
5 10 1 1 -31000 0 L2_1;
5 15 -38000 1000 1 0;
5 2 1.39E-11;
5 11 LT.l2 1;
1 Bound -39000 0 -31000 1250;
( Rotate 90 );
9 ind2;
C 0 R 0 1 T -29000 -1000;
(SymbolCall isrc);
5 10 8 1 -2000 18000 IBIAS_1;
5 10 0 0 -2000 28000 IBIAS_0;
5 15 -2000 22000 0 -1 @<name>[c];
5 2 8.25e-5;
5 11 I.ibias 0;
5 5 nophys;
1 Bound -4000 18000 0 28000;
9 isrc;
C 0 T -4000 18000;
(SymbolCall isrc);
5 10 0 1 -47000 -10000 ITRIG_1;
5 10 17 0 -47000 0 ITRIG_0;
5 15 -47000 -6000 0 -1 @<name>[c];
5 2 sin(0 4.47E-5 5e9 50e-12 0);
5 11 I.itrig 1;
5 5 nophys;
1 Bound -49000 -10000 -45000 0;
9 isrc;
C 0 T -49000 -10000;
(SymbolCall jj);
5 10 14 2 -20000 13000 B1_2;
5 10 2 1 -12000 14000 B1-;
5 10 9 0 -22000 14000 B1+;
5 1 jjm;
5 3 area=3.00E+0;
5 11 B.b1 0;
1 Bound -22000 12500 -12000 15500;
( Rotate 90 );
9 jj;
C 0 R 0 1 T -12000 13000;
(SymbolCall jj);
5 10 16 2 8000 12000 B4_2;
5 10 11 1 9000 4000 B4-;
5 10 10 0 9000 14000 B4+;
5 1 jjm;
5 3 area=5.50E+0;
5 11 B.b4 1;
1 Bound 7500 4000 10500 14000;
9 jj;
C 0 T 8000 4000;
(SymbolCall jj);
5 10 7 2 -13000 -6000 B2_2;
5 10 13 1 -12000 -14000 B2-;
5 10 4 0 -12000 -4000 B2+;
5 1 jjm;
5 3 area=4.00E+0;
5 11 B.b2 2;
1 Bound -13500 -14000 -10500 -4000;
9 jj;
C 0 T -13000 -14000;
(SymbolCall jj);
5 10 19 2 -29000 -7000 B3_2;
5 10 6 1 -21000 -6000 B3-;
5 10 5 0 -31000 -6000 B3+;
5 1 jjm;
5 3 area=4.00E+0;
5 11 B.b3 3;
1 Bound -31000 -7500 -21000 -4500;
( Rotate 90 );
9 jj;
C 0 R 0 1 T -21000 -7000;
(SymbolCall res);
5 10 18 1 -39000 -10000 RLOAD-;
5 10 12 0 -39000 0 RLOAD+;
5 15 -40000 -1000 0 -1 "<v>/<value>O";
5 2 50;
5 11 R.rload 0;
1 Bound -40250 -10000 -38000 0;
9 res;
C 0 T -39000 0;
L SCED;
5 10 1;
W2 0 -26000 14000 -31000 14000 -31000 0;
5 10 2;
W2 0 -12000 7000 -12000 14000;
5 10 3;
W2 0 -8000 14000 -2000 14000 5000 14000;
5 10 4;
W2 0 -12000 3000 -12000 -4000;
5 10 5;
W2 0 -31000 -4000 -31000 -6000;
5 10 6;
W2 0 -21000 -6000 -20000 -6000;
5 10 7;
W2 0 -16000 -6000 -13000 -6000 -12000 -6000;
L NAME;
5 16 I 0 11;
94 <<ibias>> -4250 26750 320 2426 1029;
5 16 B 0 11;
94 <<b1>> -21750 15750 0 1029 1029;
5 16 LP 0 11;
94 <<lpi1>> -2250 16750 320 1617 1029;
5 16 LP 1 11;
94 <<l4>> -25750 15500 0 956 1029;
5 16 LP 2 11;
94 <<l6>> -11750 15500 0 956 1029;
5 16 LP 3 11;
94 <<l13>> 5250 15500 0 1323 1029;
5 16 LT 0 11;
94 <<l15>> 9250 15500 0 1323 1029;
5 16 B 1 11;
94 <<b4>> 7250 12750 320 1250 1029;
5 16 LP 4 11;
94 <<l10>> -12250 5750 320 1323 1029;
5 16 LP 5 11;
94 <<lpj4>> 8750 2750 320 2058 1029;
5 16 LT 1 11;
94 <<l2>> -38750 1500 0 956 1029;
5 16 I 1 11;
94 <<itrig>> -49250 -1250 320 2353 1029;
5 16 R 0 11;
94 <<rload>> -40500 -1250 320 2720 1029;
5 16 LP 6 11;
94 <<l5>> -31250 -1250 320 956 1029;
5 16 LP 7 11;
94 <<lpj3>> -19750 -4500 0 2058 1029;
5 16 B 3 11;
94 <<b3>> -25250 -3750 2 1250 1029;
5 16 L 0 11;
94 <<l8>> -31250 -7250 320 956 1029;
5 16 B 2 11;
94 <<b2>> -10250 -9750 322 1250 1029;
5 16 LP 8 11;
94 <<lpj2>> -12250 -15250 320 2058 1029;
L MODL;
5 16 B 1 1;
94 <<jjm>> 10750 13750 256 1691 1029;
5 16 B 0 1;
94 <<jjm>> -12250 12250 320 1691 1029;
5 16 B 2 1;
94 <<jjm>> -10250 -4250 256 1691 1029;
5 16 B 3 1;
94 <<jjm>> -21250 -7750 320 1691 1029;
L VALU;
5 16 I 0 2;
94 <<8.25e-5>> 250 27750 33024 3823 1029;
5 16 LP 0 2;
94 <<3.29E-13>> -500 17750 33024 4275 1000;
5 16 LP 1 2;
94 <<5.38E-12>> -22250 13750 33088 4275 1000;
5 16 LP 2 2;
94 <<4.72E-12>> -8250 13750 33088 4275 1000;
5 16 LP 3 2;
94 <<7.24E-12>> 8750 13750 33088 4275 1000;
5 16 LT 0 2;
94 <<8.78E-12>> 16750 13750 33088 4275 1000;
5 16 LP 4 2;
94 <<8.78E-13>> -10500 6750 33024 4275 1000;
5 16 LP 5 2;
94 <<5.49E-13>> 10500 3750 33024 4275 1000;
5 16 R 0 2;
94 <<50>> -37750 -250 33024 1275 1000;
5 16 LT 1 2;
94 <<1.39E-11>> -31250 -250 33088 3825 1000;
5 16 LP 6 2;
94 <<5.27E-12>> -29500 -250 33024 4275 1000;
5 16 I 1 2;
94 <<sin(0 4.47E-5 5e9 50e-12 0)>> -62750 -2250 33024 14775 1000;
5 16 L 0 2;
94 <<31.0E-12>> -29250 -6250 33024 4050 1000;
5 16 LP 7 2;
94 <<2.85E-12>> -16250 -6250 33088 4275 1000;
5 16 LP 8 2;
94 <<7.68E-13>> -10500 -14250 33024 4275 1000;
L PARM;
5 16 B 0 3;
94 <<area=3.00E+0>> -21750 11250 33024 6825 1000;
5 16 B 1 3;
94 <<area=5.50E+0>> 10750 4250 32768 6825 1000;
5 16 B 3 3;
94 <<area=4.00E+0>> -30750 -8750 33024 6825 1000;
5 16 B 2 3;
94 <<area=4.00E+0>> -10250 -13750 32768 6825 1000;
L SPTX;
94 <<.options temp=-272>> -51603 30600 0 9975 1000;
94 <<.model jjm jj(rtype=1,cct=1,icon=10m,vg=2.8m,delv=0.08m,
+ icrit=1.00E-5,r0=30,rn=30,cap=50f)>> -33000 27000 320 49280 3584;
W2 0 -47000 0 -39000 0;
W2 0 -47000 -10000 -39000 -10000;
DF;
E
* Generated by Xic from cell Driver
.tran .1p 450p
.plot tran v(12) v(15)
.options temp=-272
.model jjm jj(rtype=1,cct=1,icon=10m,vg=2.8m,delv=0.08m,
+ icrit=1.00E-5,r0=30,rn=30,cap=50f)
b1 9 2 14 jjm area=3.00E+0
b2 4 13 7 jjm area=4.00E+0
b3 5 6 19 jjm area=4.00E+0
b4 10 11 16 jjm area=5.50E+0
ibias 0 8 8.25e-5
l2 12 1 1.39E-11
l4 1 9 5.38E-12
l5 1 5 5.27E-12
l6 2 3 4.72E-12
l8 5 0 31.0E-12
l10 2 4 8.78E-13
l13 3 10 7.24E-12
lpi1 8 3 3.29E-13
lpj2 13 0 7.68E-13
lpj3 6 7 2.85E-12
lpj4 11 0 5.49E-13
