(Symbol root);
($Id:$);
(PHYSICAL);
(RESOLUTION 1000);
9 root;
DS 0 1 1;
DF;
E
(ELECTRICAL);
(RESOLUTION 1000);
5 7102 (||1:-35302 5000||) (||1:20000 15000||) (||1:20000 -11000||) (||1:19000 -13000||) (||1:19000 17000||);
5 7101 tran 1p 20n;
5 14 1 L 5 L 6 $k1;
5 14 2 L 5 L 4 $k1;
5 11 X 0 subckt;
9 root;
DS 0 1 1;
(SymbolCall gnd);
5 10 0 0 -10000 25000;
1 Bound -11000 25000 -9000 27600;
9 gnd;
C 0 MY T -11000 26000;
(SymbolCall gnd);
5 10 0 0 0 25000;
1 Bound -1000 25000 1000 27600;
9 gnd;
C 0 MY T -1000 26000;
(SymbolCall gnd);
5 10 0 0 10000 25000;
1 Bound 9000 25000 11000 27600;
9 gnd;
C 0 MY T 9000 26000;
(SymbolCall gnd);
5 10 0 0 20000 25000;
1 Bound 19000 25000 21000 27600;
9 gnd;
C 0 MY T 19000 26000;
(SymbolCall gnd);
5 10 0 0 30000 25000;
1 Bound 29000 25000 31000 27600;
9 gnd;
C 0 MY T 29000 26000;
(SymbolCall gnd);
5 10 0 0 -30000 15000;
1 Bound -32600 14000 -30000 16000;
( Rotate 90 );
9 gnd;
C 0 MY R 0 1 T -31000 14000;
(SymbolCall gnd);
5 10 0 0 -9000 0;
1 Bound -10000 -2600 -8000 0;
9 gnd;
C 0 T -10000 -1000;
(SymbolCall gnd);
5 10 0 0 0 0;
1 Bound -1000 -2600 1000 0;
9 gnd;
C 0 T -1000 -1000;
(SymbolCall gnd);
5 10 0 0 -44000 -5000;
1 Bound -45000 -7600 -43000 -5000;
9 gnd;
C 0 T -45000 -6000;
(SymbolCall gnd);
5 10 0 0 -35000 -5000;
1 Bound -36000 -7600 -34000 -5000;
9 gnd;
C 0 T -36000 -6000;
(SymbolCall gnd);
5 10 0 0 -30000 -11000;
1 Bound -32600 -12000 -30000 -10000;
( Rotate 90 );
9 gnd;
C 0 MY R 0 1 T -31000 -12000;
(SymbolCall gnd);
5 10 0 0 -10000 -21000;
1 Bound -11000 -23600 -9000 -21000;
9 gnd;
C 0 T -11000 -22000;
(SymbolCall gnd);
5 10 0 0 0 -21000;
1 Bound -1000 -23600 1000 -21000;
9 gnd;
C 0 T -1000 -22000;
(SymbolCall gnd);
5 10 0 0 10000 -21000;
1 Bound 9000 -23600 11000 -21000;
9 gnd;
C 0 T 9000 -22000;
(SymbolCall gnd);
5 10 0 0 20000 -21000;
1 Bound 19000 -23600 21000 -21000;
9 gnd;
C 0 T 19000 -22000;
(SymbolCall gnd);
5 10 0 0 30000 -21000;
1 Bound 29000 -23600 31000 -21000;
9 gnd;
C 0 T 29000 -22000;
(SymbolCall ind);
5 2 41p;
5 15 -19000 16000 1 0;
5 11 L 0;
5 10 5 1 -10000 15000 L0-;
5 10 8 0 -20000 15000 L0+;
1 Bound -20000 15000 -10000 16500;
( Rotate 90 );
9 ind;
C 0 R 0 1 T -10000 14000;
(SymbolCall ind);
5 2 41p;
5 15 -9000 16000 1 0;
5 11 L 1;
5 10 6 1 0 15000 L1-;
5 10 5 0 -10000 15000 L1+;
1 Bound -10000 15000 0 16500;
( Rotate 90 );
9 ind;
C 0 R 0 1 T 0 14000;
(SymbolCall ind);
5 2 41p;
5 15 1000 16000 1 0;
5 11 L 2;
5 10 7 1 10000 15000 L2-;
5 10 6 0 0 15000 L2+;
1 Bound 0 15000 10000 16500;
( Rotate 90 );
9 ind;
C 0 R 0 1 T 10000 14000;
(SymbolCall ind);
5 2 41p;
5 15 11000 16000 1 0;
5 11 L 3;
5 10 1 1 20000 15000 L3-;
5 10 7 0 10000 15000 L3+;
1 Bound 10000 15000 20000 16500;
( Rotate 90 );
9 ind;
C 0 R 0 1 T 20000 14000;
(SymbolCall ind);
5 17 mutual;
5 2 41p;
5 15 -21000 6000 0 1;
5 11 L 4;
5 10 8 1 -20000 15000 L4-;
5 10 3 0 -20000 5000 L4+;
1 Bound -21500 5000 -20000 15000;
( Rotate 180 );
9 ind;
C 0 R -1 0 T -19000 15000;
(SymbolCall ind);
5 17 mutual;
5 17 mutual;
5 2 1n;
5 15 -8000 9000 0 -1;
5 11 L 5;
5 10 0 1 -9000 0 L5-;
5 10 2 0 -9000 10000 L5+;
1 Bound -9000 0 -7500 10000;
9 ind;
C 0 T -10000 0;
(SymbolCall ind);
5 17 mutual;
5 2 41p;
5 15 -21000 -10000 0 1;
5 11 L 6;
5 10 3 1 -20000 -1000 L6-;
5 10 9 0 -20000 -11000 L6+;
1 Bound -21500 -11000 -20000 -1000;
( Rotate 180 );
9 ind;
C 0 R -1 0 T -19000 -1000;
(SymbolCall ind);
5 2 41p;
5 10 9 0 -20000 -11000 L7+;
5 10 10 1 -10000 -11000 L7-;
5 11 L 7;
5 15 -19000 -10000 1 0;
1 Bound -20000 -11000 -10000 -9500;
( Rotate 90 );
9 ind;
C 0 R 0 1 T -10000 -12000;
(SymbolCall ind);
5 2 41p;
5 15 -9000 -10000 1 0;
5 11 L 8;
5 10 11 1 0 -11000 L8-;
5 10 10 0 -10000 -11000 L8+;
1 Bound -10000 -11000 0 -9500;
( Rotate 90 );
9 ind;
C 0 R 0 1 T 0 -12000;
(SymbolCall ind);
5 2 41p;
5 15 1000 -10000 1 0;
5 11 L 9;
5 10 12 1 10000 -11000 L9-;
5 10 11 0 0 -11000 L9+;
1 Bound 0 -11000 10000 -9500;
( Rotate 90 );
9 ind;
C 0 R 0 1 T 10000 -12000;
(SymbolCall ind);
5 2 41p;
5 15 11000 -10000 1 0;
5 11 L 10;
5 10 4 1 20000 -11000 L10-;
5 10 12 0 10000 -11000 L10+;
1 Bound 10000 -11000 20000 -9500;
( Rotate 90 );
9 ind;
C 0 R 0 1 T 20000 -12000;
(SymbolCall isrc);
5 2 pulse;
5 3 -1u 1u 0 5p 5p 5n 10n;
5 15 0 4000 0 -1 @<name>[c];
5 11 I 0;
5 10 0 1 0 0 I0_1;
5 10 2 0 0 10000 I0_0;
5 5 nophys;
1 Bound -2000 0 2000 10000;
9 isrc;
C 0 T -2000 0;
(SymbolCall jj);
5 3 area=2;
5 10 5 0 -10000 15000 B0+;
5 10 0 1 -10000 25000 B0-;
5 10 13 2 -11000 17000 B0_2;
5 11 B 0;
5 1 jjtl;
1 Bound -11500 15000 -8500 25000;
9 jj;
C 0 MY T -11000 25000;
(SymbolCall jj);
5 3 area=2;
5 11 B 1;
5 10 14 2 -1000 17000 B1_2;
5 10 0 1 0 25000 B1-;
5 10 6 0 0 15000 B1+;
5 1 jjtl;
1 Bound -1500 15000 1500 25000;
9 jj;
C 0 MY T -1000 25000;
(SymbolCall jj);
5 3 area=2;
5 11 B 2;
5 10 15 2 9000 17000 B2_2;
5 10 0 1 10000 25000 B2-;
5 10 7 0 10000 15000 B2+;
5 1 jjtl;
1 Bound 8500 15000 11500 25000;
9 jj;
C 0 MY T 9000 25000;
(SymbolCall jj);
5 3 area=2;
5 11 B 3;
5 10 16 2 19000 17000 B3_2;
5 10 0 1 20000 25000 B3-;
5 10 1 0 20000 15000 B3+;
5 1 jjtl;
1 Bound 18500 15000 21500 25000;
9 jj;
C 0 MY T 19000 25000;
(SymbolCall jj);
5 3 area=2;
5 1 jjtl;
5 11 B 4;
5 10 17 2 -22000 16000 B4_2;
5 10 0 1 -30000 15000 B4-;
5 10 8 0 -20000 15000 B4+;
1 Bound -30000 13500 -20000 16500;
( Rotate 270 );
9 jj;
C 0 R 0 -1 T -30000 16000;
(SymbolCall jj);
5 3 area=2;
5 1 jjtl;
5 11 B 5;
5 10 18 2 -36000 3000 B5_2;
5 10 0 1 -35000 -5000 B5-;
5 10 3 0 -35000 5000 B5+;
1 Bound -36500 -5000 -33500 5000;
9 jj;
C 0 T -36000 -5000;
(SymbolCall jj);
5 3 area=2;
5 1 jjtl;
5 10 9 0 -20000 -11000 B6+;
5 10 0 1 -30000 -11000 B6-;
5 10 19 2 -22000 -10000 B6_2;
5 11 B 6;
1 Bound -30000 -12500 -20000 -9500;
( Rotate 270 );
9 jj;
C 0 R 0 -1 T -30000 -10000;
(SymbolCall jj);
5 1 jjtl;
5 3 area=2;
5 10 10 0 -10000 -11000 B7+;
5 10 0 1 -10000 -21000 B7-;
5 10 20 2 -11000 -13000 B7_2;
5 11 B 7;
1 Bound -11500 -21000 -8500 -11000;
9 jj;
C 0 T -11000 -21000;
(SymbolCall jj);
5 1 jjtl;
5 3 area=2;
5 10 11 0 0 -11000 B8+;
5 10 0 1 0 -21000 B8-;
5 10 21 2 -1000 -13000 B8_2;
5 11 B 8;
1 Bound -1500 -21000 1500 -11000;
9 jj;
C 0 T -1000 -21000;
(SymbolCall jj);
5 1 jjtl;
5 3 area=2;
5 10 12 0 10000 -11000 B9+;
5 10 0 1 10000 -21000 B9-;
5 10 22 2 9000 -13000 B9_2;
5 11 B 9;
1 Bound 8500 -21000 11500 -11000;
9 jj;
C 0 T 9000 -21000;
(SymbolCall jj);
5 1 jjtl;
5 3 area=2;
5 10 4 0 20000 -11000 B10+;
5 10 0 1 20000 -21000 B10-;
5 10 23 2 19000 -13000 B10_2;
5 11 B 10;
1 Bound 18500 -21000 21500 -11000;
9 jj;
C 0 T 19000 -21000;
(SymbolCall res);
5 2 11;
5 15 29000 24000 0 -1 "<v>/<value>O";
5 11 R 0;
5 10 1 1 30000 15000 R0-;
5 10 0 0 30000 25000 R0+;
1 Bound 28750 15000 31000 25000;
9 res;
C 0 T 30000 25000;
(SymbolCall res);
5 2 11;
5 15 29000 -20000 0 1 "<v>/<value>O";
5 11 R 1;
5 10 4 1 30000 -11000 R1-;
5 10 0 0 30000 -21000 R1+;
1 Bound 28750 -21000 31000 -11000;
9 res;
C 0 MY T 30000 -21000;
(SymbolCall vsrc);
5 3 0 0 50p 1p 5n;
5 2 gpulse;
5 15 -44000 1000 0 -1;
5 11 V 0;
5 10 0 1 -44000 -5000 V0_1;
5 10 3 0 -44000 5000 V0_0;
5 5 nophys;
1 Bound -46000 -5000 -42000 5000;
9 vsrc;
C 0 T -46000 -5000;
L SCED;
5 10 1;
W2 0 20000 15000 30000 15000;
5 10 2;
W2 0 -9000 10000 0 10000;
5 10 3;
W2 0 -44000 5000 -35000 5000 -20000 5000 -20000 -1000;
5 10 4;
W2 0 20000 -11000 30000 -11000;
L NAME;
5 16 B 0 11;
94 <<B0>> -11750 23750 320 1275 1000;
5 16 B 1 11;
94 <<B1>> -1750 23750 320 1050 1000;
5 16 B 2 11;
94 <<B2>> 8250 23750 320 1275 1000;
5 16 B 3 11;
94 <<B3>> 18250 23750 320 1275 1000;
5 16 R 0 11;
94 <<R0>> 28500 23750 320 1275 1000;
5 16 B 4 11;
94 <<B4>> -29750 16750 0 1275 1000;
5 16 L 0 11;
94 <<L0>> -19750 16750 0 1275 1000;
5 16 L 1 11;
94 <<L1>> -9750 16750 0 1050 1000;
5 16 L 2 11;
94 <<L2>> 250 16750 0 1275 1000;
5 16 L 3 11;
94 <<L3>> 10250 16750 0 1275 1000;
5 16 L 4 11;
94 <<L4>> -21750 13750 320 1275 1000;
5 16 L 5 11;
94 <<L5>> -9250 8750 320 1275 1000;
5 16 I 0 11;
94 <<I0>> -2250 8750 320 975 1000;
5 16 V 0 11;
94 <<V0>> -46250 3750 320 1275 1000;
5 16 B 5 11;
94 <<B5>> -36750 3750 320 1275 1000;
5 16 L 6 11;
94 <<L6>> -21750 -2250 320 1275 1000;
5 16 B 6 11;
94 <<B6>> -29750 -9250 0 1275 1000;
5 16 L 7 11;
94 <<L7>> -19750 -9250 0 1275 1000;
5 16 L 8 11;
94 <<L8>> -9750 -9250 0 1275 1000;
5 16 L 9 11;
94 <<L9>> 250 -9250 0 1275 1000;
5 16 L 10 11;
94 <<L10>> 10250 -9250 0 1650 1000;
5 16 B 7 11;
94 <<B7>> -11750 -12250 320 1275 1000;
5 16 B 8 11;
94 <<B8>> -1750 -12250 320 1275 1000;
5 16 B 9 11;
94 <<B9>> 8250 -12250 320 1275 1000;
5 16 B 10 11;
94 <<B10>> 18250 -12250 320 1650 1000;
5 16 R 1 11;
94 <<R1>> 28500 -12250 320 1050 1000;
L MODL;
5 16 B 0 1;
94 <<jjtl>> -8250 24750 256 1950 1000;
5 16 B 1 1;
94 <<jjtl>> 1750 24750 256 1950 1000;
5 16 B 2 1;
94 <<jjtl>> 11750 24750 256 1950 1000;
5 16 B 3 1;
94 <<jjtl>> 21750 24750 256 1950 1000;
5 16 B 4 1;
94 <<jjtl>> -20250 13250 320 1950 1000;
5 16 B 5 1;
94 <<jjtl>> -33250 4750 256 1950 1000;
5 16 B 7 1;
94 <<jjtl>> -8250 -11250 256 1950 1000;
5 16 B 8 1;
94 <<jjtl>> 1750 -11250 256 1950 1000;
5 16 B 9 1;
94 <<jjtl>> 11750 -11250 256 1950 1000;
5 16 B 10 1;
94 <<jjtl>> 21750 -11250 256 1950 1000;
5 16 B 6 1;
94 <<jjtl>> -20250 -12750 320 1950 1000;
L VALU;
5 16 R 0 2;
94 <<11>> 31250 24750 33024 825 1000;
5 16 L 4 2;
94 <<41p>> -19750 14750 33024 1650 1000;
5 16 L 0 2;
94 <<41p>> -10250 14750 33088 1650 1000;
5 16 L 1 2;
94 <<41p>> -250 14750 33088 1650 1000;
5 16 L 2 2;
94 <<41p>> 9750 14750 33088 1650 1000;
5 16 L 3 2;
94 <<41p>> 19750 14750 33088 1650 1000;
5 16 L 5 2;
94 <<1n>> -7250 9750 33024 1050 1000;
5 16 K 2 14;
94 <<K2=$k1>> -16187 7000 0 3375 1000;
5 16 I 0 2;
94 <<pulse>> 3250 5250 33028 2775 1000;
5 16 V 0 2;
94 <<gpulse>> -50750 750 33024 3375 1000;
5 16 K 1 14;
94 <<K1=$k1>> -16487 -1000 0 3088 1029;
5 16 L 6 2;
94 <<41p>> -19750 -1250 33024 1650 1000;
5 16 L 7 2;
94 <<41p>> -10250 -11250 33088 1650 1000;
5 16 L 8 2;
94 <<41p>> -250 -11250 33088 1650 1000;
5 16 L 9 2;
94 <<41p>> 9750 -11250 33088 1650 1000;
5 16 L 10 2;
94 <<41p>> 19750 -11250 33088 1650 1000;
5 16 R 1 2;
94 <<11>> 31250 -11250 33024 825 1000;
L PARM;
5 16 B 0 3;
94 <<area=2>> -8250 20750 32772 3600 1000;
5 16 B 1 3;
94 <<area=2>> 1750 20750 32772 3600 1000;
5 16 B 2 3;
94 <<area=2>> 11750 20750 32772 3600 1000;
5 16 B 3 3;
94 <<area=2>> 21750 20750 32772 3600 1000;
5 16 B 4 3;
94 <<area=2>> -26750 16750 33028 3600 1000;
5 16 I 0 3;
94 <<-1u 1u 0 5p 5p 5n 10n>> 2250 4750 32772 12000 1000;
5 16 B 5 3;
94 <<area=2>> -33250 750 32772 3529 1029;
5 16 V 0 3;
94 <<0 0 50p 1p 5n>> -54750 -250 32772 7650 1000;
5 16 B 6 3;
94 <<area=2>> -26750 -14250 33028 3600 1000;
5 16 B 7 3;
94 <<area=2>> -8250 -20750 32768 3600 1000;
5 16 B 8 3;
94 <<area=2>> 1750 -20750 32768 3600 1000;
5 16 B 9 3;
94 <<area=2>> 11750 -20750 32768 3600 1000;
5 16 B 10 3;
94 <<area=2>> 21750 -20750 32768 3600 1000;
L SPTX;
94 <<.model jjtl jj(rtype=1, icrit=1u, cap=40f, r0=30, rn=30)>> -49000 34000 0 98304 3584;
DF;
E
* Generated by Xic from cell root
.tran 1p 20n
.plot tran v(3) v(1) v(4) v(23) v(16)
.model jjtl jj(rtype=1, icrit=1u, cap=40f, r0=30, rn=30)
B0 5 0 13 jjtl area=2
B1 6 0 14 jjtl area=2
B2 7 0 15 jjtl area=2
B3 1 0 16 jjtl area=2
B4 8 0 17 jjtl area=2
B5 3 0 18 jjtl area=2
B6 9 0 19 jjtl area=2
B7 10 0 20 jjtl area=2
B8 11 0 21 jjtl area=2
B9 12 0 22 jjtl area=2
B10 4 0 23 jjtl area=2
I0 2 0 pulse -1u 1u 0 5p 5p 5n 10n
K1 L5 L6 $k1
K2 L5 L4 $k1
L0 8 5 41p
L1 5 6 41p
L2 6 7 41p
L3 7 1 41p
L4 3 8 41p
L5 2 0 1n
L6 9 3 41p
L7 9 10 41p
L8 10 11 41p
L9 11 12 41p
L10 12 4 41p
R0 0 1 11
R1 0 4 11
V0 3 0 gpulse 0 0 50p 1p 5n
.save @I0[c]
