(Symbol root);
($Id:$);
(PHYSICAL);
(RESOLUTION 1000);
9 root;
DS 0 1 1;
DF;
E
(ELECTRICAL);
(RESOLUTION 1000);
5 7102  (||1:26000 30000||) (||1:56000 30000||) (||1:26000 5000||) (||1:56000 5000||);
5 7101 tran 1p 10n;
5 14 1 L 4 L 3 $k;
5 14 2 L 4 L 5 $k;
5 11 X 0 subckt;
9 root;
DS 0 1 1;
(SymbolCall 5celljtl);
5 10 7 1 -20000 30000 X0OUT;
5 10 2 0 -41000 30000 X0IN;
5 11 X 0 subckt;
1 Bound -41000 25000 -20000 35000;
9 5celljtl;
C 0 T -53000 30000;
(SymbolCall 5celljtl);
5 10 8 1 26000 30000 X1OUT;
5 10 3 0 5000 30000 X1IN;
5 11 X 1 subckt;
1 Bound 5000 25000 26000 35000;
9 5celljtl;
C 0 T -7000 30000;
(SymbolCall 5celljtl);
5 10 6 1 -20000 5000 X2OUT;
5 10 2 0 -41000 5000 X2IN;
5 11 X 2 subckt;
1 Bound -41000 0 -20000 10000;
9 5celljtl;
C 0 MY T -53000 5000;
(SymbolCall 5celljtl);
5 10 12 1 26000 5000 X3OUT;
5 10 4 0 5000 5000 X3IN;
5 11 X 3 subckt;
1 Bound 5000 0 26000 10000;
9 5celljtl;
C 0 T -7000 5000;
(SymbolCall gnd);
5 10 0 0 -10000 40000;
1 Bound -11000 40000 -9000 42600;
( Rotate 180 );
9 gnd;
C 0 R -1 0 T -9000 41000;
(SymbolCall gnd);
5 10 0 0 56000 35000;
1 Bound 56000 34000 58600 36000;
( Rotate 90 );
9 gnd;
C 0 R 0 1 T 57000 34000;
(SymbolCall gnd);
5 10 0 0 0 24000;
1 Bound 0 23000 2600 25000;
( Rotate 270 );
9 gnd;
C 0 MY R 0 -1 T 1000 25000;
(SymbolCall gnd);
5 10 0 0 36000 20000;
1 Bound 35000 17400 37000 20000;
9 gnd;
C 0 T 35000 19000;
(SymbolCall gnd);
5 10 0 0 56000 20000;
1 Bound 55000 17400 57000 20000;
9 gnd;
C 0 T 55000 19000;
(SymbolCall gnd);
5 10 0 0 -24000 18000;
1 Bound -26600 17000 -24000 19000;
( Rotate 90 );
9 gnd;
C 0 MY R 0 1 T -25000 17000;
(SymbolCall gnd);
5 10 0 0 -4000 18000;
1 Bound -4000 17000 -1400 19000;
( Rotate 90 );
9 gnd;
C 0 R 0 1 T -3000 17000;
(SymbolCall gnd);
5 10 0 0 5000 13000;
1 Bound 5000 12000 7600 14000;
( Rotate 90 );
9 gnd;
C 0 R 0 1 T 6000 12000;
(SymbolCall gnd);
5 10 0 0 56000 10000;
1 Bound 56000 9000 58600 11000;
( Rotate 90 );
9 gnd;
C 0 R 0 1 T 57000 9000;
(SymbolCall gnd);
5 10 0 0 -50000 10000;
1 Bound -51000 7400 -49000 10000;
9 gnd;
C 0 T -51000 9000;
(SymbolCall gnd);
5 10 0 0 -5000 -5000;
1 Bound -6000 -7600 -4000 -5000;
9 gnd;
C 0 T -6000 -6000;
(SymbolCall gnd);
5 10 0 0 36000 -5000;
1 Bound 35000 -7600 37000 -5000;
9 gnd;
C 0 T 35000 -6000;
(SymbolCall gnd);
5 10 0 0 56000 -5000;
1 Bound 55000 -7600 57000 -5000;
9 gnd;
C 0 T 55000 -6000;
(SymbolCall ind);
5 2 .5p;
5 10 9 1 36000 30000 L0-;
5 10 8 0 26000 30000 L0+;
5 11 L 0;
5 15 27000 31000 1 0;
1 Bound 26000 30000 36000 31500;
( Rotate 90 );
9 ind;
C 0 R 0 1 T 36000 29000;
(SymbolCall ind);
5 2 20p;
5 11 L 1;
5 10 1 1 46000 30000 L1-;
5 10 9 0 36000 30000 L1+;
5 15 37000 31000 1 0;
1 Bound 36000 30000 46000 31500;
( Rotate 90 );
9 ind;
C 0 R 0 1 T 46000 29000;
(SymbolCall ind);
5 2 20p;
5 11 L 2;
5 10 10 1 56000 30000 L2-;
5 10 1 0 46000 30000 L2+;
5 15 47000 31000 1 0;
1 Bound 46000 30000 56000 31500;
( Rotate 90 );
9 ind;
C 0 R 0 1 T 56000 29000;
(SymbolCall ind);
5 10 7 1 -20000 30000 L3-;
5 10 3 0 -10000 30000 L3+;
5 15 -11000 29000 -1 0;
5 17 mutual;
5 11 L 3;
5 2 $ljtl;
1 Bound -20000 28500 -10000 30000;
( Rotate 270 );
9 ind;
C 0 R 0 -1 T -20000 31000;
(SymbolCall ind);
5 10 0 1 -4000 18000 L4-;
5 10 11 0 -14000 18000 L4+;
5 15 -13000 19000 1 0;
5 17 mutual;
5 17 mutual;
5 2 $ljpm;
5 11 L 4;
1 Bound -14000 18000 -4000 19500;
( Rotate 90 );
9 ind;
C 0 R 0 1 T -4000 17000;
(SymbolCall ind);
5 10 4 1 -5000 5000 L5-;
5 10 6 0 -15000 5000 L5+;
5 15 -14000 6000 1 0;
5 17 mutual;
5 11 L 5;
5 2 $ljtl;
1 Bound -15000 5000 -5000 6500;
( Rotate 90 );
9 ind;
C 0 R 0 1 T -5000 4000;
(SymbolCall ind);
5 2 .5p;
5 11 L 6;
5 10 13 1 36000 5000 L6-;
5 10 12 0 26000 5000 L6+;
5 15 27000 6000 1 0;
1 Bound 26000 5000 36000 6500;
( Rotate 90 );
9 ind;
C 0 R 0 1 T 36000 4000;
(SymbolCall ind);
5 2 20p;
5 11 L 7;
5 10 5 1 46000 5000 L7-;
5 10 13 0 36000 5000 L7+;
5 15 37000 6000 1 0;
1 Bound 36000 5000 46000 6500;
( Rotate 90 );
9 ind;
C 0 R 0 1 T 46000 4000;
(SymbolCall ind);
5 2 20p;
5 11 L 8;
5 10 14 1 56000 5000 L8-;
5 10 5 0 46000 5000 L8+;
5 15 47000 6000 1 0;
1 Bound 46000 5000 56000 6500;
( Rotate 90 );
9 ind;
C 0 R 0 1 T 56000 4000;
(SymbolCall isrc);
5 2 15u;
5 5 nophys;
5 10 0 0 56000 35000 I0_0;
5 10 1 1 46000 35000 I0_1;
5 11 I 0;
5 15 50000 35000 -1 0 @<name>[c];
1 Bound 46000 33000 56000 37000;
( Rotate 270 );
9 isrc;
C 0 R 0 -1 T 46000 37000;
(SymbolCall isrc);
5 10 3 1 -10000 24000 I1_1;
5 10 0 0 0 24000 I1_0;
5 15 -6000 24000 -1 0 @<name>[c];
5 2 pwl;
5 3 0 0 5p $ibias;
5 5 nophys;
5 11 I 1;
1 Bound -10000 22000 0 26000;
( Rotate 270 );
9 isrc;
C 0 R 0 -1 T -10000 26000;
(SymbolCall isrc);
5 3 -1u;
5 10 11 1 -14000 18000 I2_1;
5 10 0 0 -24000 18000 I2_0;
5 15 -18000 18000 1 0 @<name>[c];
5 11 I 2;
5 5 nophys;
1 Bound -24000 16000 -14000 20000;
( Rotate 90 );
9 isrc;
C 0 R 0 1 T -14000 16000;
(SymbolCall isrc);
5 10 4 1 -5000 13000 I3_1;
5 10 0 0 5000 13000 I3_0;
5 15 -1000 13000 -1 0 @<name>[c];
5 5 nophys;
5 11 I 3;
5 2 pwl;
5 3 0 0 5p $ibias;
1 Bound -5000 11000 5000 15000;
( Rotate 90 );
9 isrc;
C 0 MY R 0 1 T -5000 11000;
(SymbolCall isrc);
5 2 15u;
5 5 nophys;
5 11 I 4;
5 10 5 1 46000 10000 I4_1;
5 10 0 0 56000 10000 I4_0;
5 15 50000 10000 -1 0 @<name>[c];
1 Bound 46000 8000 56000 12000;
( Rotate 270 );
9 isrc;
C 0 R 0 -1 T 46000 12000;
(SymbolCall jj);
5 10 15 2 -9000 32000 B0_2;
5 10 0 1 -10000 40000 B0-;
5 10 3 0 -10000 30000 B0+;
5 1 jjtl;
5 3 area=2;
5 11 B 0;
1 Bound -11500 30000 -8500 40000;
( Rotate 180 );
9 jj;
C 0 R -1 0 T -9000 40000;
(SymbolCall jj);
5 3 area=10;
5 1 jjtl;
5 11 B 1;
5 10 16 2 35000 28000 B1_2;
5 10 0 1 36000 20000 B1-;
5 10 9 0 36000 30000 B1+;
1 Bound 34500 20000 37500 30000;
9 jj;
C 0 T 35000 20000;
(SymbolCall jj);
5 1 jjtl;
5 3 area=10;
5 11 B 2;
5 10 17 2 55000 28000 B2_2;
5 10 0 1 56000 20000 B2-;
5 10 10 0 56000 30000 B2+;
1 Bound 54500 20000 57500 30000;
9 jj;
C 0 T 55000 20000;
(SymbolCall jj);
5 10 18 2 -6000 3000 B3_2;
5 10 0 1 -5000 -5000 B3-;
5 10 4 0 -5000 5000 B3+;
5 3 area=2;
5 1 jjtl;
5 11 B 3;
1 Bound -6500 -5000 -3500 5000;
9 jj;
C 0 T -6000 -5000;
(SymbolCall jj);
5 1 jjtl;
5 3 area=10;
5 11 B 4;
5 10 19 2 35000 3000 B4_2;
5 10 0 1 36000 -5000 B4-;
5 10 13 0 36000 5000 B4+;
1 Bound 34500 -5000 37500 5000;
9 jj;
C 0 T 35000 -5000;
(SymbolCall jj);
5 3 area=10;
5 1 jjtl;
5 11 B 5;
5 10 20 2 55000 3000 B5_2;
5 10 0 1 56000 -5000 B5-;
5 10 14 0 56000 5000 B5+;
1 Bound 54500 -5000 57500 5000;
9 jj;
C 0 T 55000 -5000;
(SymbolCall vsrc);
5 10 0 1 -50000 10000 V0_1;
5 10 2 0 -50000 20000 V0_0;
5 15 -50000 16000 0 -1;
5 3 0 0 50p 1p;
5 2 gpulse;
5 11 V 0;
5 5 nophys;
1 Bound -52000 10000 -48000 20000;
9 vsrc;
C 0 T -52000 10000;
L SCED;
5 10 1;
W2 0 46000 35000 46000 30000;
5 10 2;
W2 0 -41000 5000 -41000 20000 -50000 20000 -50000 30000 -41000 30000;
5 10 3;
W2 0 -10000 24000 -10000 30000 5000 30000;
5 10 4;
W2 0 -5000 13000 -5000 5000 5000 5000;
5 10 5;
W2 0 46000 10000 46000 5000;
5 10 6;
W2 0 -20000 5000 -15000 5000;
L NAME;
5 16 B 0 11;
94 <<B0>> -11750 38750 320 1275 1000;
5 16 I 0 11;
94 <<I0>> 46250 37250 0 975 1000;
5 16 X 0 11;
94 <<X0>> -40750 35250 0 1275 1000;
5 16 X 1 11;
94 <<X1>> 5250 35250 0 1050 1000;
5 16 L 0 11;
94 <<L0>> 26250 31750 0 1275 1000;
5 16 L 1 11;
94 <<L1>> 36250 31750 0 1050 1000;
5 16 L 2 11;
94 <<L2>> 46250 31750 0 1275 1000;
5 16 L 3 11;
94 <<L3>> -19750 30250 0 1275 1000;
5 16 B 1 11;
94 <<B1>> 34250 28750 320 1050 1000;
5 16 B 2 11;
94 <<B2>> 54250 28750 320 1275 1000;
5 16 I 1 11;
94 <<I1>> -9750 26250 0 750 1000;
5 16 I 2 11;
94 <<I2>> -23750 20250 0 975 1000;
5 16 L 4 11;
94 <<L4>> -13750 19750 0 1275 1000;
5 16 V 0 11;
94 <<V0>> -52250 18750 320 1275 1000;
5 16 I 3 11;
94 <<I3>> -4750 15250 0 975 1000;
5 16 I 4 11;
94 <<I4>> 46250 12250 0 975 1000;
5 16 X 2 11;
94 <<X2>> -40750 10250 0 1275 1000;
5 16 X 3 11;
94 <<X3>> 5250 10250 0 1275 1000;
5 16 L 5 11;
94 <<L5>> -14750 6750 0 1275 1000;
5 16 L 6 11;
94 <<L6>> 26250 6750 0 1275 1000;
5 16 L 7 11;
94 <<L7>> 36250 6750 0 1275 1000;
5 16 L 8 11;
94 <<L8>> 46250 6750 0 1275 1000;
5 16 B 3 11;
94 <<B3>> -6750 3750 320 1275 1000;
5 16 B 4 11;
94 <<B4>> 34250 3750 320 1275 1000;
5 16 B 5 11;
94 <<B5>> 54250 3750 320 1275 1000;
L MODL;
5 16 B 0 1;
94 <<jjtl>> -8250 39750 256 1911 1029;
5 16 B 1 1;
94 <<jjtl>> 37750 29750 256 1950 1000;
5 16 B 2 1;
94 <<jjtl>> 57750 29750 256 1950 1000;
5 16 B 3 1;
94 <<jjtl>> -3250 4750 256 1911 1029;
5 16 B 4 1;
94 <<jjtl>> 37750 4750 256 1950 1000;
5 16 B 5 1;
94 <<jjtl>> 57750 4750 256 1950 1000;
L VALU;
5 16 I 0 2;
94 <<15u>> 55750 32750 33088 1650 1000;
5 16 L 0 2;
94 <<.5p>> 35750 29750 33088 1500 1000;
5 16 L 1 2;
94 <<20p>> 45750 29750 33088 1875 1000;
5 16 L 2 2;
94 <<20p>> 55750 29750 33088 1875 1000;
5 16 L 3 2;
94 <<$ljtl>> -10250 28250 33088 2325 1000;
5 16 I 1 2;
94 <<pwl>> -6750 27750 33094 1575 1000;
5 16 K 1 14;
94 <<K1=$k>> -13612 23500 0 2720 1029;
5 16 V 0 2;
94 <<gpulse>> -47750 19750 33024 3375 1000;
5 16 L 4 2;
94 <<$ljpm>> -4250 17750 33088 2700 1000;
5 16 K 2 14;
94 <<K2=$k>> -11112 11750 0 2940 1029;
5 16 I 3 2;
94 <<pwl>> 4750 10750 33088 1575 1000;
5 16 I 4 2;
94 <<15u>> 55750 7750 33088 1650 1000;
5 16 L 5 2;
94 <<$ljtl>> -5250 4750 33088 2325 1000;
5 16 L 6 2;
94 <<.5p>> 35750 4750 33088 1500 1000;
5 16 L 7 2;
94 <<20p>> 45750 4750 33088 1875 1000;
5 16 L 8 2;
94 <<20p>> 55750 4750 33088 1875 1000;
L PARM;
5 16 B 0 3;
94 <<area=2>> -8250 30250 32768 3529 1029;
5 16 I 1 3;
94 <<0 0 5p $ibias>> 4750 26750 33030 7275 1000;
5 16 B 1 3;
94 <<area=10>> 37750 20250 32768 3975 1000;
5 16 B 2 3;
94 <<area=10>> 57750 20250 32768 3975 1000;
5 16 I 2 3;
94 <<-1u>> -23750 14750 33024 1617 1029;
5 16 V 0 3;
94 <<0 0 50p 1p>> -47750 10250 32768 5734 1029;
5 16 I 3 3;
94 <<0 0 5p $ibias>> -4750 9750 33024 7275 1000;
5 16 B 3 3;
94 <<area=2>> -3250 -4750 32768 3529 1029;
5 16 B 4 3;
94 <<area=10>> 37750 -4750 32768 3975 1000;
5 16 B 5 3;
94 <<area=10>> 57750 -4750 32768 3975 1000;
L SPTX;
94 <<.options ysep>> -55000 53000 256 24064 3584;
94 <<.model jjtl jj(rtype=1, icrit=1u, cap=40f, r0=30, rn=30)>> -55000 47000 256 98304 3584;
94 <<.temp -272>> -55000 39000 0 19200 3584;
DF;
E
