50 10 0.0001
0.000000000E+00
-2.675198773E-01
0.000000000E+00
0.000000000E+00
0.000000000E+00
0.000000000E+00
0.000000000E+00
0.000000000E+00
0.000000000E+00
0.000000000E+00
0.000000000E+00
2.924480945E-02
0.000000000E+00
0.000000000E+00
0.000000000E+00
0.000000000E+00
0.000000000E+00
0.000000000E+00
0.000000000E+00
0.000000000E+00
0.000000000E+00
2.301622450E-02
0.000000000E+00
0.000000000E+00
0.000000000E+00
0.000000000E+00
0.000000000E+00
0.000000000E+00
0.000000000E+00
0.000000000E+00
0.000000000E+00
1.004311462E-03
0.000000000E+00
0.000000000E+00
0.000000000E+00
0.000000000E+00
0.000000000E+00
0.000000000E+00
0.000000000E+00
0.000000000E+00
0.000000000E+00
-7.220073527E-03
0.000000000E+00
0.000000000E+00
0.000000000E+00
0.000000000E+00
0.000000000E+00
0.000000000E+00
0.000000000E+00
0.000000000E+00
2.675198773E-01
0.000000000E+00
0.000000000E+00
0.000000000E+00
0.000000000E+00
0.000000000E+00
0.000000000E+00
0.000000000E+00
0.000000000E+00
0.000000000E+00
-2.924480945E-02
0.000000000E+00
0.000000000E+00
0.000000000E+00
0.000000000E+00
0.000000000E+00
0.000000000E+00
0.000000000E+00
0.000000000E+00
0.000000000E+00
-2.301622450E-02
0.000000000E+00
0.000000000E+00
0.000000000E+00
0.000000000E+00
0.000000000E+00
0.000000000E+00
0.000000000E+00
0.000000000E+00
0.000000000E+00
-1.004311462E-03
0.000000000E+00
0.000000000E+00
0.000000000E+00
0.000000000E+00
0.000000000E+00
0.000000000E+00
0.000000000E+00
0.000000000E+00
0.000000000E+00
7.220073527E-03
0.000000000E+00
0.000000000E+00
0.000000000E+00
0.000000000E+00
0.000000000E+00
0.000000000E+00
0.000000000E+00
0.000000000E+00
0.000000000E+00
0.000000000E+00
0.000000000E+00
0.000000000E+00
2.912369268E-02
0.000000000E+00
0.000000000E+00
0.000000000E+00
0.000000000E+00
0.000000000E+00
0.000000000E+00
0.000000000E+00
0.000000000E+00
0.000000000E+00
-4.230385051E+00
0.000000000E+00
0.000000000E+00
0.000000000E+00
0.000000000E+00
0.000000000E+00
0.000000000E+00
0.000000000E+00
0.000000000E+00
0.000000000E+00
3.977141391E-01
0.000000000E+00
0.000000000E+00
0.000000000E+00
0.000000000E+00
0.000000000E+00
0.000000000E+00
0.000000000E+00
0.000000000E+00
0.000000000E+00
2.330678970E-02
0.000000000E+00
0.000000000E+00
0.000000000E+00
0.000000000E+00
0.000000000E+00
0.000000000E+00
0.000000000E+00
0.000000000E+00
0.000000000E+00
-2.527612437E-01
0.000000000E+00
0.000000000E+00
0.000000000E+00
0.000000000E+00
0.000000000E+00
0.000000000E+00
0.000000000E+00
0.000000000E+00
-2.912369268E-02
0.000000000E+00
0.000000000E+00
0.000000000E+00
0.000000000E+00
0.000000000E+00
0.000000000E+00
0.000000000E+00
0.000000000E+00
0.000000000E+00
4.230385051E+00
0.000000000E+00
0.000000000E+00
0.000000000E+00
0.000000000E+00
0.000000000E+00
0.000000000E+00
0.000000000E+00
0.000000000E+00
0.000000000E+00
-3.977141391E-01
0.000000000E+00
0.000000000E+00
0.000000000E+00
0.000000000E+00
0.000000000E+00
0.000000000E+00
0.000000000E+00
0.000000000E+00
0.000000000E+00
-2.330678970E-02
0.000000000E+00
0.000000000E+00
0.000000000E+00
0.000000000E+00
0.000000000E+00
0.000000000E+00
0.000000000E+00
0.000000000E+00
0.000000000E+00
2.527612437E-01
0.000000000E+00
0.000000000E+00
0.000000000E+00
0.000000000E+00
0.000000000E+00
0.000000000E+00
0.000000000E+00
0.000000000E+00
0.000000000E+00
0.000000000E+00
0.000000000E+00
0.000000000E+00
2.299932159E-02
0.000000000E+00
0.000000000E+00
0.000000000E+00
0.000000000E+00
0.000000000E+00
0.000000000E+00
0.000000000E+00
0.000000000E+00
0.000000000E+00
3.977969536E-01
0.000000000E+00
0.000000000E+00
0.000000000E+00
0.000000000E+00
0.000000000E+00
0.000000000E+00
0.000000000E+00
0.000000000E+00
0.000000000E+00
-4.232037577E+00
0.000000000E+00
0.000000000E+00
0.000000000E+00
0.000000000E+00
0.000000000E+00
0.000000000E+00
0.000000000E+00
0.000000000E+00
0.000000000E+00
3.231000431E-02
0.000000000E+00
0.000000000E+00
0.000000000E+00
0.000000000E+00
0.000000000E+00
0.000000000E+00
0.000000000E+00
0.000000000E+00
0.000000000E+00
1.086400730E-01
0.000000000E+00
0.000000000E+00
0.000000000E+00
0.000000000E+00
0.000000000E+00
0.000000000E+00
0.000000000E+00
0.000000000E+00
-2.299932159E-02
0.000000000E+00
0.000000000E+00
0.000000000E+00
0.000000000E+00
0.000000000E+00
0.000000000E+00
0.000000000E+00
0.000000000E+00
0.000000000E+00
-3.977969536E-01
0.000000000E+00
0.000000000E+00
0.000000000E+00
0.000000000E+00
0.000000000E+00
0.000000000E+00
0.000000000E+00
0.000000000E+00
0.000000000E+00
4.232037577E+00
0.000000000E+00
0.000000000E+00
0.000000000E+00
0.000000000E+00
0.000000000E+00
0.000000000E+00
0.000000000E+00
0.000000000E+00
0.000000000E+00
-3.231000431E-02
0.000000000E+00
0.000000000E+00
0.000000000E+00
0.000000000E+00
0.000000000E+00
0.000000000E+00
0.000000000E+00
0.000000000E+00
0.000000000E+00
-1.086400730E-01
0.000000000E+00
0.000000000E+00
0.000000000E+00
0.000000000E+00
0.000000000E+00
0.000000000E+00
0.000000000E+00
0.000000000E+00
0.000000000E+00
0.000000000E+00
0.000000000E+00
0.000000000E+00
1.005322129E-03
0.000000000E+00
0.000000000E+00
0.000000000E+00
0.000000000E+00
0.000000000E+00
0.000000000E+00
0.000000000E+00
0.000000000E+00
0.000000000E+00
2.327320467E-02
0.000000000E+00
0.000000000E+00
0.000000000E+00
0.000000000E+00
0.000000000E+00
0.000000000E+00
0.000000000E+00
0.000000000E+00
0.000000000E+00
3.230071109E-02
0.000000000E+00
0.000000000E+00
0.000000000E+00
0.000000000E+00
0.000000000E+00
0.000000000E+00
0.000000000E+00
0.000000000E+00
0.000000000E+00
-2.673869412E-01
0.000000000E+00
0.000000000E+00
0.000000000E+00
0.000000000E+00
0.000000000E+00
0.000000000E+00
0.000000000E+00
0.000000000E+00
0.000000000E+00
3.503178860E-03
0.000000000E+00
0.000000000E+00
0.000000000E+00
0.000000000E+00
0.000000000E+00
0.000000000E+00
0.000000000E+00
0.000000000E+00
-1.005322129E-03
0.000000000E+00
0.000000000E+00
0.000000000E+00
0.000000000E+00
0.000000000E+00
0.000000000E+00
0.000000000E+00
0.000000000E+00
0.000000000E+00
-2.327320467E-02
0.000000000E+00
0.000000000E+00
0.000000000E+00
0.000000000E+00
0.000000000E+00
0.000000000E+00
0.000000000E+00
0.000000000E+00
0.000000000E+00
-3.230071109E-02
0.000000000E+00
0.000000000E+00
0.000000000E+00
0.000000000E+00
0.000000000E+00
0.000000000E+00
0.000000000E+00
0.000000000E+00
0.000000000E+00
2.673869412E-01
0.000000000E+00
0.000000000E+00
0.000000000E+00
0.000000000E+00
0.000000000E+00
0.000000000E+00
0.000000000E+00
0.000000000E+00
0.000000000E+00
-3.503178860E-03
0.000000000E+00
0.000000000E+00
0.000000000E+00
0.000000000E+00
0.000000000E+00
0.000000000E+00
0.000000000E+00
0.000000000E+00
0.000000000E+00
0.000000000E+00
0.000000000E+00
0.000000000E+00
-7.234910600E-03
0.000000000E+00
0.000000000E+00
0.000000000E+00
0.000000000E+00
0.000000000E+00
0.000000000E+00
0.000000000E+00
0.000000000E+00
0.000000000E+00
-2.526288134E-01
0.000000000E+00
0.000000000E+00
0.000000000E+00
0.000000000E+00
0.000000000E+00
0.000000000E+00
0.000000000E+00
0.000000000E+00
0.000000000E+00
1.083550755E-01
0.000000000E+00
0.000000000E+00
0.000000000E+00
0.000000000E+00
0.000000000E+00
0.000000000E+00
0.000000000E+00
0.000000000E+00
0.000000000E+00
3.539452376E-03
0.000000000E+00
0.000000000E+00
0.000000000E+00
0.000000000E+00
0.000000000E+00
0.000000000E+00
0.000000000E+00
0.000000000E+00
0.000000000E+00
-1.291754451E+00
0.000000000E+00
0.000000000E+00
0.000000000E+00
0.000000000E+00
0.000000000E+00
0.000000000E+00
0.000000000E+00
0.000000000E+00
7.234910600E-03
0.000000000E+00
0.000000000E+00
0.000000000E+00
0.000000000E+00
0.000000000E+00
0.000000000E+00
0.000000000E+00
0.000000000E+00
0.000000000E+00
2.526288134E-01
0.000000000E+00
0.000000000E+00
0.000000000E+00
0.000000000E+00
0.000000000E+00
0.000000000E+00
0.000000000E+00
0.000000000E+00
0.000000000E+00
-1.083550755E-01
0.000000000E+00
0.000000000E+00
0.000000000E+00
0.000000000E+00
0.000000000E+00
0.000000000E+00
0.000000000E+00
0.000000000E+00
0.000000000E+00
-3.539452376E-03
0.000000000E+00
0.000000000E+00
0.000000000E+00
0.000000000E+00
0.000000000E+00
0.000000000E+00
0.000000000E+00
0.000000000E+00
0.000000000E+00
1.291754451E+00
0.000000000E+00
