0.0 0.008392548581894463
0.1 0.004935228557980751
0.2 0.005643895464058189
0.30000000000000004 0.0065531334079973426
0.4 0.008148947767750724
0.5 -0.002558741911876698
0.6 0.00690379179991005
0.7 0.007015250215284928
0.7999999999999999 0.007835779569761553
0.8999999999999999 0.11241658233041134
0.9999999999999999 0.1144353919071314
1.0999999999999999 0.11679948673684125
1.2 0.11868869512343995
1.3 0.1213408479875963
1.4000000000000001 0.124220786930468
1.5000000000000002 0.12733180742985042
1.6000000000000003 0.12967601887848307
1.7000000000000004 0.1317484575598681
1.8000000000000005 0.134258516479893
1.9000000000000006 0.13610006542223357
2.0000000000000004 0.13855192983029038
2.1000000000000005 0.14070105220515253
2.2000000000000006 0.14218952066347
2.3000000000000007 0.14417513571590343
2.400000000000001 0.1455343555886411
2.500000000000001 0.14593522911259604
2.600000000000001 0.14699266965750052
2.700000000000001 0.14878965699910288
2.800000000000001 0.15038618003631116
2.9000000000000012 0.15052650846435753
3.0000000000000013 0.1471261276019745
3.1000000000000014 0.1741668025990313
3.2000000000000015 0.1755404174033896
3.3000000000000016 0.20027710278672092
3.4000000000000017 0.24878446071479962
3.5000000000000018 0.2917796604428066
3.600000000000002 0.3078082887127845
3.700000000000002 0.32110369772271113
3.800000000000002 0.3564770647905603
3.900000000000002 0.34989931385416717
4.000000000000002 0.40332656606664785
4.100000000000001 0.44200539616750556
4.200000000000001 0.4477094297901471
4.300000000000001 0.46876741927838866
4.4 0.49306779657054245
4.5 0.48561461420239493
4.6 0.5179481607386021
4.699999999999999 0.5158485198180277
4.799999999999999 0.570081726576366
4.899999999999999 0.5820622847051317
4.999999999999998 0.5828858998667412
4.899999999999999 0.5880093750478849
4.799999999999999 0.5636275428892911
4.699999999999999 0.546599091661252
4.6 0.4862662541332277
4.5 0.5094691979384746
4.4 0.46876091777580386
4.300000000000001 0.47630799482613206
4.200000000000001 0.433776301272284
4.100000000000001 0.43478350499077273
4.000000000000002 0.40774235985086166
3.9000000000000017 0.3777931360745792
3.8000000000000016 0.33151785321989097
3.7000000000000015 0.3245485516711073
3.6000000000000014 0.31145375718385354
3.5000000000000013 0.3006383154712058
3.4000000000000012 0.2528424020190842
3.300000000000001 0.22685008023077682
3.200000000000001 0.17055142465995868
3.100000000000001 0.17099018446785483
3.000000000000001 0.0916236913815394
2.900000000000001 0.15218197251582408
2.8000000000000007 0.15050726983886156
2.7000000000000006 0.14804875539625575
2.6000000000000005 0.14704168642941357
2.5000000000000004 0.14615480541518358
2.4000000000000004 0.14530440645725654
2.3000000000000003 0.1441270314157813
2.2 0.14273993383578232
2.1 0.14073993452764982
2.0 0.13866245195186683
1.9 0.1365291542173655
1.7999999999999998 0.13447908063371503
1.6999999999999997 0.13251698217701502
1.5999999999999996 0.12995493578564207
1.4999999999999996 0.12748578117290565
1.3999999999999995 0.12508655154202997
1.2999999999999994 0.12210496587805687
1.1999999999999993 0.11937905111208297
1.0999999999999992 0.11717074570392734
0.9999999999999992 0.11506039662639819
0.8999999999999992 0.11287825870561378
0.7999999999999993 0.008638222531327042
0.6999999999999993 0.008758403449085225
0.5999999999999993 0.008303604033771771
0.49999999999999933 0.007286734159212445
0.39999999999999936 0.007202658321383112
0.2999999999999994 0.006080493579064364
0.19999999999999937 0.005751641183115073
0.09999999999999937 -0.0014809104433963379
-6.38378239159465e-16 0.0035173397005086354
