(Symbol noname);
($Id:$);
(PHYSICAL);
(RESOLUTION 1000);
9 noname;
DS 0 1 1;
DF;
E
(ELECTRICAL);
(RESOLUTION 1000);
5 7103 (||1:-67508 10000||) (||1:60000 10000||);
5 7101 tran .5p 50p;
5 11 X 0 subckt;
9 noname;
DS 0 1 1;
(SymbolCall gnd);
5 10 0 0 -68000 0;
1 Bound -69000 -2600 -67000 0;
9 gnd;
C 0 T -69000 -1000;
(SymbolCall gnd);
5 10 0 0 -50000 0;
1 Bound -51000 -2600 -49000 0;
9 gnd;
C 0 T -51000 -1000;
(SymbolCall gnd);
5 10 0 0 -40000 0;
1 Bound -41000 -2600 -39000 0;
9 gnd;
C 0 T -41000 -1000;
(SymbolCall gnd);
5 10 0 0 -30000 0;
1 Bound -31000 -2600 -29000 0;
9 gnd;
C 0 T -31000 -1000;
(SymbolCall gnd);
5 10 0 0 -20000 0;
1 Bound -21000 -2600 -19000 0;
9 gnd;
C 0 T -21000 -1000;
(SymbolCall gnd);
5 10 0 0 -10000 0;
1 Bound -11000 -2600 -9000 0;
9 gnd;
C 0 T -11000 -1000;
(SymbolCall gnd);
5 10 0 0 0 0;
1 Bound -1000 -2600 1000 0;
9 gnd;
C 0 T -1000 -1000;
(SymbolCall gnd);
5 10 0 0 10000 0;
1 Bound 9000 -2600 11000 0;
9 gnd;
C 0 T 9000 -1000;
(SymbolCall gnd);
5 10 0 0 20000 0;
1 Bound 19000 -2600 21000 0;
9 gnd;
C 0 T 19000 -1000;
(SymbolCall gnd);
5 10 0 0 30000 0;
1 Bound 29000 -2600 31000 0;
9 gnd;
C 0 T 29000 -1000;
(SymbolCall gnd);
5 10 0 0 40000 0;
1 Bound 39000 -2600 41000 0;
9 gnd;
C 0 T 39000 -1000;
(SymbolCall gnd);
5 10 0 0 50000 0;
1 Bound 49000 -2600 51000 0;
9 gnd;
C 0 T 49000 -1000;
(SymbolCall gnd);
5 10 0 0 60000 0;
1 Bound 59000 -2600 61000 0;
9 gnd;
C 0 T 59000 -1000;
(SymbolCall gnd);
5 10 0 0 70000 0;
1 Bound 69000 -2600 71000 0;
9 gnd;
C 0 T 69000 -1000;
(SymbolCall ind);
5 2 .5p;
5 15 -59000 11000 1 0;
5 11 L 0;
5 10 2 1 -50000 10000 L0-;
5 10 14 0 -60000 10000 L0+;
1 Bound -60000 10000 -50000 11500;
( Rotate 90 );
9 ind;
C 0 R 0 1 T -50000 9000;
(SymbolCall ind);
5 2 .5p;
5 15 -49000 11000 1 0;
5 11 L 1;
5 10 3 1 -40000 10000 L1-;
5 10 2 0 -50000 10000 L1+;
1 Bound -50000 10000 -40000 11500;
( Rotate 90 );
9 ind;
C 0 R 0 1 T -40000 9000;
(SymbolCall ind);
5 2 .5p;
5 15 -39000 11000 1 0;
5 11 L 2;
5 10 4 1 -30000 10000 L2-;
5 10 3 0 -40000 10000 L2+;
1 Bound -40000 10000 -30000 11500;
( Rotate 90 );
9 ind;
C 0 R 0 1 T -30000 9000;
(SymbolCall ind);
5 2 .5p;
5 15 -29000 11000 1 0;
5 11 L 3;
5 10 5 1 -20000 10000 L3-;
5 10 4 0 -30000 10000 L3+;
1 Bound -30000 10000 -20000 11500;
( Rotate 90 );
9 ind;
C 0 R 0 1 T -20000 9000;
(SymbolCall ind);
5 2 .5p;
5 15 -19000 11000 1 0;
5 11 L 4;
5 10 6 1 -10000 10000 L4-;
5 10 5 0 -20000 10000 L4+;
1 Bound -20000 10000 -10000 11500;
( Rotate 90 );
9 ind;
C 0 R 0 1 T -10000 9000;
(SymbolCall ind);
5 2 .5p;
5 15 -9000 11000 1 0;
5 11 L 5;
5 10 7 1 0 10000 L5-;
5 10 6 0 -10000 10000 L5+;
1 Bound -10000 10000 0 11500;
( Rotate 90 );
9 ind;
C 0 R 0 1 T 0 9000;
(SymbolCall ind);
5 2 .5p;
5 15 1000 11000 1 0;
5 11 L 6;
5 10 13 1 10000 10000 L6-;
5 10 7 0 0 10000 L6+;
1 Bound 0 10000 10000 11500;
( Rotate 90 );
9 ind;
C 0 R 0 1 T 10000 9000;
(SymbolCall ind);
5 2 .5p;
5 15 11000 11000 1 0;
5 11 L 7;
5 10 8 1 20000 10000 L7-;
5 10 13 0 10000 10000 L7+;
1 Bound 10000 10000 20000 11500;
( Rotate 90 );
9 ind;
C 0 R 0 1 T 20000 9000;
(SymbolCall ind);
5 2 .5p;
5 15 21000 11000 1 0;
5 11 L 8;
5 10 9 1 30000 10000 L8-;
5 10 8 0 20000 10000 L8+;
1 Bound 20000 10000 30000 11500;
( Rotate 90 );
9 ind;
C 0 R 0 1 T 30000 9000;
(SymbolCall ind);
5 2 .5p;
5 15 31000 11000 1 0;
5 11 L 9;
5 10 10 1 40000 10000 L9-;
5 10 9 0 30000 10000 L9+;
1 Bound 30000 10000 40000 11500;
( Rotate 90 );
9 ind;
C 0 R 0 1 T 40000 9000;
(SymbolCall ind);
5 2 .5p;
5 15 41000 11000 1 0;
5 11 L 10;
5 10 11 1 50000 10000 L10-;
5 10 10 0 40000 10000 L10+;
1 Bound 40000 10000 50000 11500;
( Rotate 90 );
9 ind;
C 0 R 0 1 T 50000 9000;
(SymbolCall ind);
5 2 .5p;
5 15 51000 11000 1 0;
5 11 L 11;
5 10 12 1 60000 10000 L11-;
5 10 11 0 50000 10000 L11+;
1 Bound 50000 10000 60000 11500;
( Rotate 90 );
9 ind;
C 0 R 0 1 T 60000 9000;
(SymbolCall jj);
5 3 area=1000;
5 1 jj1;
5 11 B 0;
5 10 15 2 -51000 23000 B0_2;
5 10 2 1 -50000 15000 B0-;
5 10 1 0 -50000 25000 B0+;
1 Bound -51500 15000 -48500 25000;
9 jj;
C 0 T -51000 15000;
(SymbolCall jj);
5 3 area=1000;
5 1 jj1;
5 11 B 1;
5 10 16 2 -41000 23000 B1_2;
5 10 3 1 -40000 15000 B1-;
5 10 1 0 -40000 25000 B1+;
1 Bound -41500 15000 -38500 25000;
9 jj;
C 0 T -41000 15000;
(SymbolCall jj);
5 1 jj1;
5 3 area=1000;
5 11 B 2;
5 10 17 2 -31000 23000 B2_2;
5 10 4 1 -30000 15000 B2-;
5 10 1 0 -30000 25000 B2+;
1 Bound -31500 15000 -28500 25000;
9 jj;
C 0 T -31000 15000;
(SymbolCall jj);
5 3 area=1000;
5 1 jj1;
5 11 B 3;
5 10 18 2 -21000 23000 B3_2;
5 10 5 1 -20000 15000 B3-;
5 10 1 0 -20000 25000 B3+;
1 Bound -21500 15000 -18500 25000;
9 jj;
C 0 T -21000 15000;
(SymbolCall jj);
5 3 area=1000;
5 1 jj1;
5 11 B 4;
5 10 19 2 -11000 23000 B4_2;
5 10 6 1 -10000 15000 B4-;
5 10 1 0 -10000 25000 B4+;
1 Bound -11500 15000 -8500 25000;
9 jj;
C 0 T -11000 15000;
(SymbolCall jj);
5 3 area=1000;
5 1 jj1;
5 11 B 5;
5 10 20 2 -1000 23000 B5_2;
5 10 7 1 0 15000 B5-;
5 10 1 0 0 25000 B5+;
1 Bound -1500 15000 1500 25000;
9 jj;
C 0 T -1000 15000;
(SymbolCall jj);
5 3 area=1000;
5 1 jj1;
5 11 B 6;
5 10 21 2 19000 23000 B6_2;
5 10 8 1 20000 15000 B6-;
5 10 1 0 20000 25000 B6+;
1 Bound 18500 15000 21500 25000;
9 jj;
C 0 T 19000 15000;
(SymbolCall jj);
5 3 area=1000;
5 1 jj1;
5 11 B 7;
5 10 22 2 29000 23000 B7_2;
5 10 9 1 30000 15000 B7-;
5 10 1 0 30000 25000 B7+;
1 Bound 28500 15000 31500 25000;
9 jj;
C 0 T 29000 15000;
(SymbolCall jj);
5 3 area=1000;
5 1 jj1;
5 11 B 8;
5 10 23 2 39000 23000 B8_2;
5 10 10 1 40000 15000 B8-;
5 10 1 0 40000 25000 B8+;
1 Bound 38500 15000 41500 25000;
9 jj;
C 0 T 39000 15000;
(SymbolCall jj);
5 3 area=1000;
5 1 jj1;
5 11 B 9;
5 10 24 2 49000 23000 B9_2;
5 10 11 1 50000 15000 B9-;
5 10 1 0 50000 25000 B9+;
1 Bound 48500 15000 51500 25000;
9 jj;
C 0 T 49000 15000;
(SymbolCall jj);
5 3 area=1000;
5 1 jj1;
5 11 B 10;
5 10 25 2 59000 23000 B10_2;
5 10 12 1 60000 15000 B10-;
5 10 1 0 60000 25000 B10+;
1 Bound 58500 15000 61500 25000;
9 jj;
C 0 T 59000 15000;
(SymbolCall jj);
5 3 area=1000;
5 1 jj1;
5 11 B 11;
5 10 26 2 9000 22000 B11_2;
5 10 13 1 10000 14000 B11-;
5 10 1 0 10000 24000 B11+;
1 Bound 8500 14000 11500 24000;
9 jj;
C 0 T 9000 14000;
(SymbolCall jj);
5 1 jjtl;
5 3 area=1;
5 11 B 12;
5 10 27 2 -51000 8000 B12_2;
5 10 0 1 -50000 0 B12-;
5 10 2 0 -50000 10000 B12+;
1 Bound -51500 0 -48500 10000;
9 jj;
C 0 T -51000 0;
(SymbolCall jj);
5 3 area=1;
5 1 jjtl;
5 11 B 13;
5 10 28 2 -41000 8000 B13_2;
5 10 0 1 -40000 0 B13-;
5 10 3 0 -40000 10000 B13+;
1 Bound -41500 0 -38500 10000;
9 jj;
C 0 T -41000 0;
(SymbolCall jj);
5 3 area=1;
5 1 jjtl;
5 11 B 14;
5 10 29 2 -31000 8000 B14_2;
5 10 0 1 -30000 0 B14-;
5 10 4 0 -30000 10000 B14+;
1 Bound -31500 0 -28500 10000;
9 jj;
C 0 T -31000 0;
(SymbolCall jj);
5 3 area=1;
5 1 jjtl;
5 11 B 15;
5 10 30 2 -21000 8000 B15_2;
5 10 0 1 -20000 0 B15-;
5 10 5 0 -20000 10000 B15+;
1 Bound -21500 0 -18500 10000;
9 jj;
C 0 T -21000 0;
(SymbolCall jj);
5 3 area=1;
5 1 jjtl;
5 11 B 16;
5 10 31 2 -11000 8000 B16_2;
5 10 0 1 -10000 0 B16-;
5 10 6 0 -10000 10000 B16+;
1 Bound -11500 0 -8500 10000;
9 jj;
C 0 T -11000 0;
(SymbolCall jj);
5 1 jjtl;
5 3 area=1;
5 11 B 17;
5 10 32 2 -1000 8000 B17_2;
5 10 0 1 0 0 B17-;
5 10 7 0 0 10000 B17+;
1 Bound -1500 0 1500 10000;
9 jj;
C 0 T -1000 0;
(SymbolCall jj);
5 1 jjtl;
5 3 area=1;
5 11 B 18;
5 10 33 2 9000 8000 B18_2;
5 10 0 1 10000 0 B18-;
5 10 13 0 10000 10000 B18+;
1 Bound 8500 0 11500 10000;
9 jj;
C 0 T 9000 0;
(SymbolCall jj);
5 1 jjtl;
5 3 area=1;
5 11 B 19;
5 10 34 2 19000 8000 B19_2;
5 10 0 1 20000 0 B19-;
5 10 8 0 20000 10000 B19+;
1 Bound 18500 0 21500 10000;
9 jj;
C 0 T 19000 0;
(SymbolCall jj);
5 3 area=1;
5 1 jjtl;
5 11 B 20;
5 10 35 2 29000 8000 B20_2;
5 10 0 1 30000 0 B20-;
5 10 9 0 30000 10000 B20+;
1 Bound 28500 0 31500 10000;
9 jj;
C 0 T 29000 0;
(SymbolCall jj);
5 1 jjtl;
5 3 area=1;
5 11 B 21;
5 10 36 2 39000 8000 B21_2;
5 10 0 1 40000 0 B21-;
5 10 10 0 40000 10000 B21+;
1 Bound 38500 0 41500 10000;
9 jj;
C 0 T 39000 0;
(SymbolCall jj);
5 1 jjtl;
5 3 area=1;
5 11 B 22;
5 10 37 2 49000 8000 B22_2;
5 10 0 1 50000 0 B22-;
5 10 11 0 50000 10000 B22+;
1 Bound 48500 0 51500 10000;
9 jj;
C 0 T 49000 0;
(SymbolCall jj);
5 1 jjtl;
5 3 area=1;
5 11 B 23;
5 10 38 2 59000 8000 B23_2;
5 10 0 1 60000 0 B23-;
5 10 12 0 60000 10000 B23+;
1 Bound 58500 0 61500 10000;
9 jj;
C 0 T 59000 0;
(SymbolCall res);
5 2 5;
5 15 69000 9000 0 -1 "<v>/<value>O";
5 11 R 0;
5 10 0 1 70000 0 R0-;
5 10 12 0 70000 10000 R0+;
1 Bound 68750 0 71000 10000;
9 res;
C 0 T 70000 10000;
(SymbolCall tbar);
5 10 1 0 -50000 30000 IB;
5 11 @ 0;
1 Bound -51000 30000 -49000 32200;
9 tbar;
C 0 T -50000 30000;
(SymbolCall tbar);
5 10 1 0 -40000 30000 IB;
5 11 @ 1;
1 Bound -41000 30000 -39000 32200;
9 tbar;
C 0 T -40000 30000;
(SymbolCall tbar);
5 10 1 0 -30000 30000 IB;
5 11 @ 2;
1 Bound -31000 30000 -29000 32200;
9 tbar;
C 0 T -30000 30000;
(SymbolCall tbar);
5 10 1 0 -20000 30000 IB;
5 11 @ 3;
1 Bound -21000 30000 -19000 32200;
9 tbar;
C 0 T -20000 30000;
(SymbolCall tbar);
5 10 1 0 -10000 30000 IB;
5 11 @ 4;
1 Bound -11000 30000 -9000 32200;
9 tbar;
C 0 T -10000 30000;
(SymbolCall tbar);
5 10 1 0 0 30000 IB;
5 11 @ 5;
1 Bound -1000 30000 1000 32200;
9 tbar;
C 0 T 0 30000;
(SymbolCall tbar);
5 10 1 0 10000 30000 IB;
5 11 @ 6;
1 Bound 9000 30000 11000 32200;
9 tbar;
C 0 T 10000 30000;
(SymbolCall tbar);
5 10 1 0 20000 30000 IB;
5 11 @ 7;
1 Bound 19000 30000 21000 32200;
9 tbar;
C 0 T 20000 30000;
(SymbolCall tbar);
5 10 1 0 30000 30000 IB;
5 11 @ 8;
1 Bound 29000 30000 31000 32200;
9 tbar;
C 0 T 30000 30000;
(SymbolCall tbar);
5 10 1 0 40000 30000 IB;
5 11 @ 9;
1 Bound 39000 30000 41000 32200;
9 tbar;
C 0 T 40000 30000;
(SymbolCall tbar);
5 10 1 0 50000 30000 IB;
5 11 @ 10;
1 Bound 49000 30000 51000 32200;
9 tbar;
C 0 T 50000 30000;
(SymbolCall tbar);
5 10 1 0 60000 30000 IB;
5 11 @ 11;
1 Bound 59000 30000 61000 32200;
9 tbar;
C 0 T 60000 30000;
(SymbolCall vsrc);
5 3 0 0 10p 2p;
5 2 gpulse;
5 15 -68000 6000 0 -1;
5 11 V 0;
5 10 0 1 -68000 0 V0_1;
5 10 14 0 -68000 10000 V0_0;
5 5 nophys;
1 Bound -70000 0 -66000 10000;
9 vsrc;
C 0 T -70000 0;
L SCED;
5 10 1;
W2 0 -50000 30000 -50000 25000;
5 10 1;
W2 0 -40000 30000 -40000 25000;
5 10 1;
W2 0 -30000 30000 -30000 25000;
5 10 1;
W2 0 -20000 30000 -20000 25000;
5 10 1;
W2 0 -10000 30000 -10000 25000;
5 10 1;
W2 0 0 30000 0 25000;
5 10 1;
W2 0 10000 30000 10000 24000;
5 10 1;
W2 0 20000 30000 20000 25000;
5 10 1;
W2 0 30000 30000 30000 25000;
5 10 1;
W2 0 40000 30000 40000 25000;
5 10 1;
W2 0 50000 30000 50000 25000;
5 10 1;
W2 0 60000 30000 60000 25000;
5 10 2;
W2 0 -50000 15000 -50000 10000;
5 10 3;
W2 0 -40000 15000 -40000 10000;
5 10 4;
W2 0 -30000 15000 -30000 10000;
5 10 5;
W2 0 -20000 15000 -20000 10000;
5 10 6;
W2 0 -10000 15000 -10000 10000;
5 10 7;
W2 0 0 15000 0 10000;
5 10 8;
W2 0 20000 15000 20000 10000;
5 10 9;
W2 0 30000 15000 30000 10000;
5 10 10;
W2 0 40000 15000 40000 10000;
5 10 11;
W2 0 50000 15000 50000 10000;
5 10 12;
W2 0 60000 15000 60000 10000 70000 10000;
5 10 13;
W2 0 10000 14000 10000 10000 10000 9000;
5 10 14;
W2 0 -68000 10000 -60000 10000;
L NAME;
5 16 B 0 11;
94 <<B0>> -51750 23750 320 1275 1000;
5 16 B 1 11;
94 <<B1>> -41750 23750 320 1050 1000;
5 16 B 2 11;
94 <<B2>> -31750 23750 320 1275 1000;
5 16 B 3 11;
94 <<B3>> -21750 23750 320 1275 1000;
5 16 B 4 11;
94 <<B4>> -11750 23750 320 1275 1000;
5 16 B 5 11;
94 <<B5>> -1750 23750 320 1275 1000;
5 16 B 6 11;
94 <<B6>> 18250 23750 320 1275 1000;
5 16 B 7 11;
94 <<B7>> 28250 23750 320 1275 1000;
5 16 B 8 11;
94 <<B8>> 38250 23750 320 1275 1000;
5 16 B 9 11;
94 <<B9>> 48250 23750 320 1275 1000;
5 16 B 10 11;
94 <<B10>> 58250 23750 320 1650 1000;
5 16 B 11 11;
94 <<B11>> 8250 22750 320 1425 1000;
5 16 L 0 11;
94 <<L0>> -59750 11750 0 1275 1000;
5 16 L 1 11;
94 <<L1>> -49750 11750 0 1050 1000;
5 16 L 2 11;
94 <<L2>> -39750 11750 0 1275 1000;
5 16 L 3 11;
94 <<L3>> -29750 11750 0 1275 1000;
5 16 L 4 11;
94 <<L4>> -19750 11750 0 1275 1000;
5 16 L 5 11;
94 <<L5>> -9750 11750 0 1275 1000;
5 16 L 6 11;
94 <<L6>> 250 11750 0 1275 1000;
5 16 L 7 11;
94 <<L7>> 10250 11750 0 1275 1000;
5 16 L 8 11;
94 <<L8>> 20250 11750 0 1275 1000;
5 16 L 9 11;
94 <<L9>> 30250 11750 0 1275 1000;
5 16 L 10 11;
94 <<L10>> 40250 11750 0 1650 1000;
5 16 L 11 11;
94 <<L11>> 50250 11750 0 1425 1000;
5 16 V 0 11;
94 <<V0>> -70250 8750 320 1275 1000;
5 16 B 12 11;
94 <<B12>> -51750 8750 320 1650 1000;
5 16 B 13 11;
94 <<B13>> -41750 8750 320 1650 1000;
5 16 B 14 11;
94 <<B14>> -31750 8750 320 1650 1000;
5 16 B 15 11;
94 <<B15>> -21750 8750 320 1650 1000;
5 16 B 16 11;
94 <<B16>> -11750 8750 320 1650 1000;
5 16 B 17 11;
94 <<B17>> -1750 8750 320 1650 1000;
5 16 B 18 11;
94 <<B18>> 8250 8750 320 1650 1000;
5 16 B 19 11;
94 <<B19>> 18250 8750 320 1650 1000;
5 16 B 20 11;
94 <<B20>> 28250 8750 320 1875 1000;
5 16 B 21 11;
94 <<B21>> 38250 8750 320 1650 1000;
5 16 B 22 11;
94 <<B22>> 48250 8750 320 1875 1000;
5 16 B 23 11;
94 <<B23>> 58250 8750 320 1875 1000;
5 16 R 0 11;
94 <<R0>> 68500 8750 320 1275 1000;
L MODL;
5 16 B 0 1;
94 <<jj1>> -48250 24750 256 1500 1000;
5 16 B 1 1;
94 <<jj1>> -38250 24750 256 1500 1000;
5 16 B 2 1;
94 <<jj1>> -28250 24750 256 1500 1000;
5 16 B 3 1;
94 <<jj1>> -18250 24750 256 1500 1000;
5 16 B 4 1;
94 <<jj1>> -8250 24750 256 1500 1000;
5 16 B 5 1;
94 <<jj1>> 1750 24750 256 1500 1000;
5 16 B 6 1;
94 <<jj1>> 21750 24750 256 1500 1000;
5 16 B 7 1;
94 <<jj1>> 31750 24750 256 1500 1000;
5 16 B 8 1;
94 <<jj1>> 41750 24750 256 1500 1000;
5 16 B 9 1;
94 <<jj1>> 51750 24750 256 1500 1000;
5 16 B 10 1;
94 <<jj1>> 61750 24750 256 1500 1000;
5 16 B 11 1;
94 <<jj1>> 11750 23750 256 1500 1000;
5 16 B 12 1;
94 <<jjtl>> -48250 9750 256 1911 1029;
5 16 B 13 1;
94 <<jjtl>> -38250 9750 256 1911 1029;
5 16 B 14 1;
94 <<jjtl>> -28250 9750 256 1911 1029;
5 16 B 15 1;
94 <<jjtl>> -18250 9750 256 1911 1029;
5 16 B 16 1;
94 <<jjtl>> -8250 9750 256 1911 1029;
5 16 B 17 1;
94 <<jjtl>> 1750 9750 256 1911 1029;
5 16 B 18 1;
94 <<jjtl>> 11750 9750 256 1911 1029;
5 16 B 19 1;
94 <<jjtl>> 21750 9750 256 1911 1029;
5 16 B 20 1;
94 <<jjtl>> 31750 9750 256 1911 1029;
5 16 B 21 1;
94 <<jjtl>> 41750 9750 256 1911 1029;
5 16 B 22 1;
94 <<jjtl>> 51750 9750 256 1911 1029;
5 16 B 23 1;
94 <<jjtl>> 61750 9750 256 1911 1029;
L VALU;
5 16 V 0 2;
94 <<gpulse>> -65750 9750 33024 3375 1000;
5 16 L 0 2;
94 <<.5p>> -50250 9750 33088 1500 1000;
5 16 L 1 2;
94 <<.5p>> -40250 9750 33088 1500 1000;
5 16 L 2 2;
94 <<.5p>> -30250 9750 33088 1500 1000;
5 16 L 3 2;
94 <<.5p>> -20250 9750 33088 1500 1000;
5 16 L 4 2;
94 <<.5p>> -10250 9750 33088 1500 1000;
5 16 L 5 2;
94 <<.5p>> -250 9750 33088 1500 1000;
5 16 L 6 2;
94 <<.5p>> 9750 9750 33088 1500 1000;
5 16 L 7 2;
94 <<.5p>> 19750 9750 33088 1500 1000;
5 16 L 8 2;
94 <<.5p>> 29750 9750 33088 1500 1000;
5 16 L 9 2;
94 <<.5p>> 39750 9750 33088 1500 1000;
5 16 L 10 2;
94 <<.5p>> 49750 9750 33088 1500 1000;
5 16 L 11 2;
94 <<.5p>> 59750 9750 33088 1500 1000;
5 16 R 0 2;
94 <<5>> 71250 9750 33024 675 1000;
L PARM;
5 16 B 0 3;
94 <<area=1000>> -48250 15250 32768 5073 1029;
5 16 B 1 3;
94 <<area=1000>> -38250 15250 32768 5073 1029;
5 16 B 2 3;
94 <<area=1000>> -28250 15250 32768 5073 1029;
5 16 B 3 3;
94 <<area=1000>> -18250 15250 32768 5073 1029;
5 16 B 4 3;
94 <<area=1000>> -8250 15250 32768 5073 1029;
5 16 B 5 3;
94 <<area=1000>> 1750 15250 32768 5073 1029;
5 16 B 6 3;
94 <<area=1000>> 21750 15250 32768 5073 1029;
5 16 B 7 3;
94 <<area=1000>> 31750 15250 32768 5073 1029;
5 16 B 8 3;
94 <<area=1000>> 41750 15250 32768 5073 1029;
5 16 B 9 3;
94 <<area=1000>> 51750 15250 32768 5073 1029;
5 16 B 10 3;
94 <<area=1000>> 61750 15250 32768 5073 1029;
5 16 B 11 3;
94 <<area=1000>> 11750 14250 32768 5073 1029;
5 16 B 12 3;
94 <<area=1>> -48250 250 32768 3375 1000;
5 16 B 13 3;
94 <<area=1>> -38250 250 32768 3375 1000;
5 16 B 14 3;
94 <<area=1>> -28250 250 32768 3375 1000;
5 16 B 15 3;
94 <<area=1>> -18250 250 32768 3375 1000;
5 16 B 16 3;
94 <<area=1>> -8250 250 32768 3375 1000;
5 16 B 17 3;
94 <<area=1>> 1750 250 32768 3375 1000;
5 16 B 18 3;
94 <<area=1>> 11750 250 32768 3375 1000;
5 16 B 19 3;
94 <<area=1>> 21750 250 32768 3375 1000;
5 16 B 20 3;
94 <<area=1>> 31750 250 32768 3375 1000;
5 16 B 21 3;
94 <<area=1>> 41750 250 32768 3375 1000;
5 16 B 22 3;
94 <<area=1>> 51750 250 32768 3375 1000;
5 16 B 23 3;
94 <<area=1>> 61750 250 32768 3375 1000;
5 16 V 0 3;
94 <<0 0 10p 2p>> -67750 -4750 32768 5850 1000;
L NODE;
5 16 @ 0 11;
94 <<Ib>> -50750 32450 0 956 1029;
5 16 @ 1 11;
94 <<Ib>> -40750 32450 0 956 1029;
5 16 @ 2 11;
94 <<Ib>> -30750 32450 0 956 1029;
5 16 @ 3 11;
94 <<Ib>> -20750 32450 0 956 1029;
5 16 @ 4 11;
94 <<Ib>> -10750 32450 0 956 1029;
5 16 @ 5 11;
94 <<Ib>> -750 32450 0 956 1029;
5 16 @ 6 11;
94 <<Ib>> 9250 32450 0 956 1029;
5 16 @ 7 11;
94 <<Ib>> 19250 32450 0 956 1029;
5 16 @ 8 11;
94 <<Ib>> 29250 32450 0 956 1029;
5 16 @ 9 11;
94 <<Ib>> 39250 32450 0 956 1029;
5 16 @ 10 11;
94 <<Ib>> 49250 32450 0 956 1029;
5 16 @ 11 11;
94 <<Ib>> 59250 32450 0 956 1029;
L SPTX;
94 <<.options ysep>> -66000 47000 256 24064 3584;
94 <<.model jjtl jj(icrit=1u, cap=4f)>> -66000 42000 256 54272 3584;
DF;
E
