(Symbol dff);
($Id:$);
(PHYSICAL);
(RESOLUTION 1000);
9 dff;
DS 0 1 1;
DF;
E
(ELECTRICAL);
(RESOLUTION 1000);
5 7102 (||1:-18000 6000||) (||1:24000 26000||) (||1:4000 6000||) (||1:24000 6000||);
5 7101 tran .5p 200p;
5 10 1 0 -16000:-15000 6000:10000 0x0 IN;
5 10 2 1 24000:-5000 26000:20000 0x0 CLK;
5 10 3 2 54000:5000 6000:10000 0x0 OUT;
5 18 0
  L SCED:
  W 0 -5000 15000 -5000 20000:
  B 10000 10000 -5000 10000:
  W 0 -10000 10000 -15000 10000:
  W 0 0 10000 5000 10000:
;
5 11 X 0 subckt;
9 dff;
DS 0 1 1;
(SymbolCall gnd);
5 10 0 0 14000 26000;
1 Bound 11400 25000 14000 27000;
( Rotate 90 );
9 gnd;
C 0 MY R 0 1 T 13000 25000;
(SymbolCall gnd);
5 10 0 0 4000 16000;
1 Bound 3000 16000 5000 18600;
9 gnd;
C 0 MY T 3000 17000;
(SymbolCall gnd);
5 10 0 0 -18000 -4000;
1 Bound -19000 -6600 -17000 -4000;
9 gnd;
C 0 T -19000 -5000;
(SymbolCall gnd);
5 10 0 0 4000 -4000;
1 Bound 3000 -6600 5000 -4000;
9 gnd;
C 0 T 3000 -5000;
(SymbolCall gnd);
5 10 0 0 24000 -4000;
1 Bound 23000 -6600 25000 -4000;
9 gnd;
C 0 T 23000 -5000;
(SymbolCall ind);
5 2 1.6p;
5 10 5 1 24000 16000 L0-;
5 10 2 0 24000 26000 L0+;
5 15 25000 25000 0 -1;
5 11 L 0;
1 Bound 24000 16000 25500 26000;
9 ind;
C 0 T 23000 16000;
(SymbolCall ind);
5 10 7 1 -6000 6000 L1-;
5 10 1 0 -16000 6000 L1+;
5 15 -15000 7000 1 0;
5 2 2.5p;
5 11 L 1;
1 Bound -16000 6000 -6000 7500;
( Rotate 90 );
9 ind;
C 0 R 0 1 T -6000 5000;
(SymbolCall ind);
5 2 6p;
5 10 4 1 14000 6000 L2-;
5 10 6 0 4000 6000 L2+;
5 15 5000 7000 1 0;
5 11 L 2;
1 Bound 4000 6000 14000 7500;
( Rotate 90 );
9 ind;
C 0 R 0 1 T 14000 5000;
(SymbolCall ind);
5 2 3p;
5 11 L 3;
5 10 4 0 24000 6000 L3+;
5 10 10 1 34000 6000 L3-;
5 15 25000 7000 1 0;
1 Bound 24000 6000 34000 7500;
( Rotate 90 );
9 ind;
C 0 R 0 1 T 34000 5000;
(SymbolCall isrc);
5 3 0 0 10p 172.5u;
5 2 pwl;
5 5 nophys;
5 11 I 0;
5 10 0 0 4000 16000 I0_0;
5 10 6 1 4000 6000 I0_1;
5 15 4000 10000 0 -1 @<name>[c];
1 Bound 2000 6000 6000 16000;
9 isrc;
C 0 T 2000 6000;
(SymbolCall jj);
5 3 area=270;
5 10 8 2 23000 14000 B0_2;
5 10 4 1 24000 6000 B0-;
5 10 5 0 24000 16000 B0+;
5 1 jjtl;
5 11 B 0;
1 Bound 22500 6000 25500 16000;
9 jj;
C 0 T 23000 6000;
(SymbolCall jj);
5 3 area=245;
5 10 9 2 -4000 7000 B1_2;
5 10 6 1 4000 6000 B1-;
5 10 7 0 -6000 6000 B1+;
5 1 jjtl;
5 11 B 1;
1 Bound -6000 4500 4000 7500;
( Rotate 270 );
9 jj;
C 0 MY R 0 -1 T 4000 7000;
(SymbolCall jj);
5 3 area=245;
5 10 11 2 3000 4000 B2_2;
5 10 0 1 4000 -4000 B2-;
5 10 6 0 4000 6000 B2+;
5 1 jjtl;
5 11 B 2;
1 Bound 2500 -4000 5500 6000;
9 jj;
C 0 T 3000 -4000;
(SymbolCall jj);
5 3 area=270;
5 10 12 2 23000 4000 B3_2;
5 10 0 1 24000 -4000 B3-;
5 10 4 0 24000 6000 B3+;
5 1 jjtl;
5 11 B 3;
1 Bound 22500 -4000 25500 6000;
9 jj;
C 0 T 23000 -4000;
(SymbolCall vsrc);
5 3 0 0 20p .5p 100p;
5 10 0 1 14000 26000 V0_1;
5 10 2 0 24000 26000 V0_0;
5 15 20000 26000 -1 0;
5 2 gpulse;
5 11 V 0;
5 5 nophys;
1 Bound 14000 24000 24000 28000;
( Rotate 90 );
9 vsrc;
C 0 MY R 0 1 T 14000 24000;
(SymbolCall vsrc);
5 3 0 0 10p .5p;
5 10 0 1 -18000 -4000 V1_1;
5 10 1 0 -18000 6000 V1_0;
5 15 -18000 2000 0 -1;
5 2 gpulse;
5 11 V 1;
5 5 nophys;
1 Bound -20000 -4000 -16000 6000;
9 vsrc;
C 0 T -20000 -4000;
L SCED;
5 10 1;
W2 0 -18000 6000 -16000 6000;
5 10 4;
W2 0 14000 6000 24000 6000;
L NAME;
5 16 V 0 11;
94 <<V0>> 14250 28250 0 1275 1000;
5 16 L 0 11;
94 <<L0>> 23750 24750 320 1275 1000;
5 16 I 0 11;
94 <<I0>> 1750 14750 320 975 1000;
5 16 B 0 11;
94 <<B0>> 22250 14750 320 1275 1000;
5 16 L 1 11;
94 <<L1>> -15750 7750 0 1050 1000;
5 16 B 1 11;
94 <<B1>> -5750 7750 0 1050 1000;
5 16 L 2 11;
94 <<L2>> 4250 7750 0 1275 1000;
5 16 L 3 11;
94 <<L3>> 24250 7750 0 1275 1000;
5 16 V 1 11;
94 <<V1>> -20250 4750 320 1050 1000;
5 16 B 2 11;
94 <<B2>> 2250 4750 320 1275 1000;
5 16 B 3 11;
94 <<B3>> 22250 4750 320 1275 1000;
L MODL;
5 16 B 0 1;
94 <<jjtl>> 25750 15750 256 1950 1000;
5 16 B 2 1;
94 <<jjtl>> 5750 5750 256 1950 1000;
5 16 B 3 1;
94 <<jjtl>> 25750 5750 256 1950 1000;
5 16 B 1 1;
94 <<jjtl>> 3750 4250 320 1950 1000;
L VALU;
5 16 L 0 2;
94 <<1.6p>> 25750 25750 33024 1838 1029;
5 16 V 0 2;
94 <<gpulse>> 23750 23750 33088 3375 1000;
5 16 I 0 2;
94 <<pwl>> 6250 15750 33024 1543 1029;
5 16 V 1 2;
94 <<gpulse>> -15750 5750 33024 3375 1000;
5 16 L 1 2;
94 <<2.5p>> -6250 5750 33088 2058 1029;
5 16 L 2 2;
94 <<6p>> 13750 5750 33088 1250 1029;
5 16 L 3 2;
94 <<3p>> 33750 5750 33088 1250 1029;
L PARM;
5 16 V 0 3;
94 <<0 0 20p .5p 100p>> 14250 22750 33024 8896 1029;
5 16 I 0 3;
94 <<0 0 10p 172.5u>> 6250 13250 32768 7650 1000;
5 16 B 0 3;
94 <<area=270>> 24750 13750 32772 4705 1029;
5 16 B 1 3;
94 <<area=245>> -5750 3250 33024 4705 1029;
5 16 V 1 3;
94 <<0 0 10p .5p>> -15750 -3750 32768 5955 1029;
5 16 B 2 3;
94 <<area=245>> 5750 -3750 32768 4705 1029;
5 16 B 3 3;
94 <<area=270>> 25750 -3750 32768 4705 1029;
L SPTX;
94 <<.model jjtl jj(rtype=1, icrit=1u, cap=40f, rn=30, r0=30)>> -18000 30000 0 98304 3584;
94 <<.options ysep>> -18000 27000 0 24064 3584;
94 <<.temp -272>> -18000 24000 0 19200 3584;
DF;
E
