(Symbol jtl);
($Id:$);
(xic 3.2.2 FreeBSD7 12/16/2009 05:26 GMT);
(PHYSICAL);
(RESOLUTION 1000);
( CREATED 12/16/2009 5:26:23, MODIFIED 12/16/2009 5:26:23 );
9 jtl;
DS 0 1 1;
DF;
E
(ELECTRICAL);
(RESOLUTION 1000);
5 10 10 2 -2000:-6000 20000:9000 vbias 0 0 0 ?;
5 10 8 1 14000:-3000 5000:6000 out 0 0 0 ?;
5 10 9 0 -18000:-9000 5000:6000 in 0 0 0 ?;
5 18 1
  L SCED:
  W 0 -6000 9000 -6000 8000:
  W 0 -9000 6000 -8000 6000:
  W 0 -4000 6000 -3000 6000:
  L ETC1:
  B 4000 4000 -6000 6000:
  L ETC2:
  94 <<JTL>> -7000 5000 0 2200 1232:
  L VALU:
  94 <<vbias>> -7000 7000 0 1869 707:
  94 <<in>> -8000 6000 0 520 560:
  94 <<out>> -5000 6000 0 960 560:
;
5 11 X 0 subckt;
9 jtl;
DS 0 1 1;
(SymbolCall ind1);
5 10 3 0 -10000 -5000 LP0_0 0 0 0 ?;
5 10 0 1 -10000 -9000 LP0_1 0 0 0 ?;
5 15 -9000 -5000 0 -1;
5 2 .1pH;
5 11 LP 0;
1 Bound -10000 -9000 -8750 -5000;
9 ind1;
C 0 T -11000 -14000;
(SymbolCall ind1);
5 10 2 0 6000 -5000 LP1_0 0 0 0 ?;
5 10 0 1 6000 -9000 LP1_1 0 0 0 ?;
5 15 7000 -5000 0 -1;
5 2 .1pH;
5 11 LP 1;
1 Bound 6000 -9000 7250 -5000;
9 ind1;
C 0 T 5000 -14000;
(SymbolCall jj);
5 10 7 2 -11000 3000;
5 10 3 1 -10000 -5000 B0- 0 0 0 ?;
5 10 5 0 -10000 5000 B0+ 0 0 0 ?;
5 11 B 0;
5 1 jjr;
5 3 area=.25;
1 Bound -11500 -5000 -8500 5000;
9 jj;
C 0 T -11000 -5000;
(SymbolCall jj);
5 10 6 2 5000 3000;
5 10 2 1 6000 -5000 B1- 0 0 0 ?;
5 10 4 0 6000 5000 B1+ 0 0 0 ?;
5 11 B 1;
5 1 jjr;
5 3 area=.25;
1 Bound 4500 -5000 7500 5000;
9 jj;
C 0 T 5000 -5000;
(SymbolCall gnd);
5 10 0 0 -10000 -9000;
1 Bound -11000 -11600 -9000 -9000;
9 gnd;
C 0 T -11000 -10000;
(SymbolCall gnd);
5 10 0 0 6000 -9000;
1 Bound 5000 -11600 7000 -9000;
9 gnd;
C 0 T 5000 -10000;
(SymbolCall ind2);
5 10 9 0 -18000 5000 LT0_0 0 0 0 ?;
5 10 5 1 -10000 5000 LT0_1 0 0 0 ?;
5 15 -17000 6000 1 0;
5 2 2.1pH;
5 11 LT 0;
1 Bound -18000 5000 -10000 6250;
( Rotate 90 );
9 ind2;
C 0 R 0 1 T -8000 4000;
(SymbolCall ind2);
5 10 5 0 -10000 5000 LT1_0 0 0 0 ?;
5 10 1 1 -2000 5000 LT1_1 0 0 0 ?;
5 15 -9000 6000 1 0;
5 2 2.1pH;
5 11 LT 1;
1 Bound -10000 5000 -2000 6250;
( Rotate 90 );
9 ind2;
C 0 R 0 1 T 0 4000;
(SymbolCall ind2);
5 10 1 0 -2000 5000 LT2_0 0 0 0 ?;
5 10 4 1 6000 5000 LT2_1 0 0 0 ?;
5 15 -1000 6000 1 0;
5 2 2.1pH;
5 11 LT 2;
1 Bound -2000 5000 6000 6250;
( Rotate 90 );
9 ind2;
C 0 R 0 1 T 8000 4000;
(SymbolCall ind2);
5 10 4 0 6000 5000 LT3_0 0 0 0 ?;
5 10 8 1 14000 5000 LT3_1 0 0 0 ?;
5 15 7000 6000 1 0;
5 2 2.1pH;
5 11 LT 3;
1 Bound 6000 5000 14000 6250;
( Rotate 90 );
9 ind2;
C 0 R 0 1 T 16000 4000;
(SymbolCall res);
5 10 1 1 -2000 10000 R0- 0 0 0 ?;
5 10 10 0 -2000 20000 R0+ 0 0 0 ?;
5 15 -3000 19000 0 -1 "<v>/<value>O";
5 2 29;
5 11 R 0;
1 Bound -3250 10000 -1000 20000;
9 res;
C 0 T -2000 20000;
L SCED;
5 10 1 0 0 0;
W2 0 -2000 5000 -2000 10000;
L ETC1;
94 <<0.35mA>> -6000 8000 0 2932 933;
L NAME;
5 16 R 0 11;
94 <<R0>> -3500 15000 64 1275 1000;
5 16 LT 0 11;
94 <<LT0>> -17750 6500 0 1875 1000;
5 16 LT 1 11;
94 <<LT1>> -9750 6500 0 1650 1000;
5 16 LT 2 11;
94 <<LT2>> -1750 6500 0 1875 1000;
5 16 LT 3 11;
94 <<LT3>> 6250 6500 0 1875 1000;
5 16 B 0 11;
94 <<B0>> -11750 0 64 1275 1000;
5 16 B 1 11;
94 <<B1>> 4250 0 64 1050 1000;
5 16 LP 0 11;
94 <<LP0>> -10250 -7000 64 1875 1000;
5 16 LP 1 11;
94 <<LP1>> 5750 -7000 64 1650 1000;
L MODL;
5 16 B 0 1;
94 <<jjr>> -8250 250 0 1725 1000;
5 16 B 1 1;
94 <<jjr>> 7750 250 0 1725 1000;
L VALU;
5 16 R 0 2;
94 <<29>> -750 15250 0 1275 1000;
5 16 LT 0 2;
94 <<2.1pH>> -12250 3750 64 2475 1000;
5 16 LT 1 2;
94 <<2.1pH>> -4250 3750 64 2475 1000;
5 16 LT 2 2;
94 <<2.1pH>> 3750 3750 64 2475 1000;
5 16 LT 3 2;
94 <<2.1pH>> 11750 3750 64 2475 1000;
5 16 LP 0 2;
94 <<.1pH>> -8500 -8750 0 1875 1000;
5 16 LP 1 2;
94 <<.1pH>> 7500 -8750 0 1875 1000;
L PARM;
5 16 B 0 3;
94 <<area=.25>> -8250 -1250 0 4425 1000;
5 16 B 1 3;
94 <<area=.25>> 7750 -1250 0 4425 1000;
DF;
E
