(Symbol sfqdc);
($Id:$);
(xic 3.2.2 FreeBSD7 12/16/2009 18:57 GMT);
(PHYSICAL);
(RESOLUTION 1000);
( CREATED 12/16/2009 18:57:25, MODIFIED 12/16/2009 18:57:25 );
9 sfqdc;
DS 0 1 1;
DF;
E
(ELECTRICAL);
(RESOLUTION 1000);
5 10 1 3 -20000:-1000 15000:10000 vbias 0 0 0 ?;
5 10 39 2 33000:4000 18000:2000 RGND 0 0 0 ?;
5 10 34 1 33000:4000 -5000:5000 out 0 0 0 ?;
5 10 35 0 -35000:-6000 -5000:5000 in 0 0 0 ?;
5 18 1
  L SCED:
  W 0 -1000 9000 -1000 10000:
  W 0 -6000 5000 -5000 5000:
  W 0 3000 5000 4000 5000:
  W 0 3000 2000 4000 2000:
  L ETC1:
  B 8000 9000 -1000 4500:
  L ETC2:
  94 <<SFQ-DC>> -4000 6000 0 6468 1848:
  L VALU:
  94 <<vbias>> -1000 8000 32 2884 1091:
  94 <<out>> 3000 5000 64 1871 1091:
  94 <<in>> -5000 5000 0 903 972:
  94 <<rgnd>> 3000 2000 64 2292 972:
;
5 11 X 0 subckt;
9 sfqdc;
DS 0 1 1;
(SymbolCall ind2);
5 10 10 0 25000 18000 LT1_0 0 0 0 ?;
5 10 39 1 33000 18000 LT1_1 0 0 0 ?;
5 15 26000 19000 1 0;
5 2 0.63pH;
5 11 LT 1;
1 Bound 25000 18000 33000 19250;
( Rotate 90 );
9 ind2;
C 0 R 0 1 T 35000 17000;
(SymbolCall ind2);
5 10 35 0 -35000 -5000 LT5_0 0 0 0 ?;
5 10 22 1 -27000 -5000 LT5_1 0 0 0 ?;
5 15 -34000 -4000 1 0;
5 2 1.98pH;
5 11 LT 5;
1 Bound -35000 -5000 -27000 -3750;
( Rotate 90 );
9 ind2;
C 0 R 0 1 T -25000 -6000;
(SymbolCall ind2);
5 10 2 0 -1000 -23000 LT10_0 0 0 0 ?;
5 10 3 1 7000 -23000 LT10_1 0 0 0 ?;
5 15 0 -22000 1 0;
5 11 LT 10;
5 2 1.34pH;
1 Bound -1000 -23000 7000 -21750;
( Rotate 90 );
9 ind2;
C 0 R 0 1 T 9000 -24000;
(SymbolCall ind2);
5 10 3 0 7000 -23000 LT11_0 0 0 0 ?;
5 10 14 1 15000 -23000 LT11_1 0 0 0 ?;
5 15 8000 -22000 1 0;
5 11 LT 11;
5 2 1.08pH;
1 Bound 7000 -23000 15000 -21750;
( Rotate 90 );
9 ind2;
C 0 R 0 1 T 17000 -24000;
(SymbolCall ind2);
5 10 27 0 7000 21000 LT0_0 0 0 0 ?;
5 10 9 1 7000 13000 LT0_1 0 0 0 ?;
5 15 8000 20000 0 -1;
5 2 1.84pH;
5 11 LT 0;
1 Bound 7000 13000 8250 21000;
9 ind2;
C 0 T 6000 11000;
(SymbolCall ind2);
5 10 9 0 7000 8000 LT4_0 0 0 0 ?;
5 10 7 1 7000 0 LT4_1 0 0 0 ?;
5 15 8000 7000 0 -1;
5 2 1.87pH;
5 11 LT 4;
1 Bound 7000 0 8250 8000;
9 ind2;
C 0 T 6000 -2000;
(SymbolCall ind2);
5 10 26 0 -9000 13000 LT3_0 0 0 0 ?;
5 10 24 1 -9000 5000 LT3_1 0 0 0 ?;
5 15 -8000 12000 0 -1;
5 2 0.50pH;
5 11 LT 3;
1 Bound -9000 5000 -7750 13000;
9 ind2;
C 0 T -10000 3000;
(SymbolCall ind2);
5 10 26 0 -9000 13000 LT2_0 0 0 0 ?;
5 10 9 1 -1000 13000 LT2_1 0 0 0 ?;
5 15 -8000 14000 1 0;
5 2 0.84pH;
5 11 LT 2;
1 Bound -9000 13000 -1000 14250;
( Rotate 90 );
9 ind2;
C 0 R 0 1 T 1000 12000;
(SymbolCall ind2);
5 10 7 0 7000 -8000 LT8_0 0 0 0 ?;
5 10 3 1 7000 -16000 LT8_1 0 0 0 ?;
5 15 8000 -9000 0 -1;
5 2 2.00pH;
5 11 LT 8;
1 Bound 7000 -16000 8250 -8000;
9 ind2;
C 0 T 6000 -18000;
(SymbolCall ind2);
5 10 5 0 -17000 -5000 LT6_0 0 0 0 ?;
5 10 21 1 -9000 -5000 LT6_1 0 0 0 ?;
5 15 -16000 -4000 1 0;
5 2 1.29pH;
5 11 LT 6;
1 Bound -17000 -5000 -9000 -3750;
( Rotate 90 );
9 ind2;
C 0 R 0 1 T -7000 -6000;
(SymbolCall ind2);
5 10 6 0 25000 -5000 LT7_0 0 0 0 ?;
5 10 34 1 33000 -5000 LT7_1 0 0 0 ?;
5 15 26000 -4000 1 0;
5 2 0.24pH;
5 11 LT 7;
1 Bound 25000 -5000 33000 -3750;
( Rotate 90 );
9 ind2;
C 0 R 0 1 T 35000 -6000;
(SymbolCall ind2);
5 10 18 0 -9000 -15000 LT9_0 0 0 0 ?;
5 10 15 1 -9000 -23000 LT9_1 0 0 0 ?;
5 15 -8000 -16000 0 -1;
5 2 0.55pH;
5 11 LT 9;
1 Bound -9000 -23000 -7750 -15000;
9 ind2;
C 0 T -10000 -25000;
(SymbolCall ind);
5 10 25 1 25000 8000 L0- 0 0 0 ?;
5 10 6 0 25000 -2000 L0+ 0 0 0 ?;
5 15 24000 -1000 0 1;
5 11 L 0;
5 2 11.3pH;
1 Bound 23500 -2000 25000 8000;
( Rotate 180 );
9 ind;
C 0 R -1 0 T 26000 8000;
(SymbolCall res);
5 10 16 1 15000 -19000 R3- 0 0 0 ?;
5 10 1 0 15000 -9000 R3+ 0 0 0 ?;
5 15 14000 -10000 0 -1 "<v>/<value>O";
5 2 44;
5 11 R 3;
1 Bound 13750 -19000 16000 -9000;
9 res;
C 0 T 15000 -9000;
(SymbolCall res);
5 2 22;
5 10 1 1 17000 20000 R0- 0 0 0 ?;
5 10 11 0 17000 30000 R0+ 0 0 0 ?;
5 15 16000 29000 0 -1 "<v>/<value>O";
5 11 R 0;
1 Bound 15750 20000 18000 30000;
9 res;
C 0 T 17000 30000;
(SymbolCall res);
5 10 4 1 -3000 -15000 R2- 0 0 0 ?;
5 10 1 0 -3000 -5000 R2+ 0 0 0 ?;
5 15 -4000 -6000 0 -1 "<v>/<value>O";
5 2 57;
5 11 R 2;
1 Bound -4250 -15000 -2000 -5000;
9 res;
C 0 T -3000 -5000;
(SymbolCall res);
5 10 8 1 -20000 5000 R1- 0 0 0 ?;
5 10 1 0 -20000 15000 R1+ 0 0 0 ?;
5 15 -21000 14000 0 -1 "<v>/<value>O";
5 2 31;
5 11 R 1;
1 Bound -21250 5000 -19000 15000;
9 res;
C 0 T -20000 15000;
(SymbolCall jj);
5 10 33 2 -28000 -7000;
5 10 19 1 -27000 -15000 B5- 0 0 0 ?;
5 10 22 0 -27000 -5000 B5+ 0 0 0 ?;
5 3 area=.3;
5 1 jjr;
5 11 B 5;
1 Bound -28500 -15000 -25500 -5000;
9 jj;
C 0 T -28000 -15000;
(SymbolCall jj);
5 10 37 2 -10000 3000;
5 10 21 1 -9000 -5000 B3- 0 0 0 ?;
5 10 24 0 -9000 5000 B3+ 0 0 0 ?;
5 3 area=.22;
5 1 jjr;
5 11 B 3;
1 Bound -10500 -5000 -7500 5000;
9 jj;
C 0 T -10000 -5000;
(SymbolCall jj);
5 10 40 2 -8000 15000;
5 10 28 1 -9000 23000 B1- 0 0 0 ?;
5 10 26 0 -9000 13000 B1+ 0 0 0 ?;
5 3 area=.17;
5 1 jjr;
5 11 B 1;
1 Bound -10500 13000 -7500 23000;
( Rotate 180 );
9 jj;
C 0 R -1 0 T -8000 23000;
(SymbolCall jj);
5 10 29 2 17000 -24000;
5 10 13 1 25000 -23000 B9- 0 0 0 ?;
5 10 14 0 15000 -23000 B9+ 0 0 0 ?;
5 11 B 9;
5 3 area=.34;
5 1 jjr;
1 Bound 15000 -24500 25000 -21500;
( Rotate 90 );
9 jj;
C 0 R 0 1 T 25000 -24000;
(SymbolCall jj);
5 10 36 2 9000 -6000;
5 10 23 1 17000 -5000 B4- 0 0 0 ?;
5 10 7 0 7000 -5000 B4+ 0 0 0 ?;
5 3 area=.13;
5 1 jjr;
5 11 B 4;
1 Bound 7000 -6500 17000 -3500;
( Rotate 90 );
9 jj;
C 0 R 0 1 T 17000 -6000;
(SymbolCall jj);
5 10 38 2 26000 10000;
5 10 10 1 25000 18000 B2- 0 0 0 ?;
5 10 25 0 25000 8000 B2+ 0 0 0 ?;
5 11 B 2;
5 1 jjr;
5 3 area=.25;
1 Bound 23500 8000 26500 18000;
( Rotate 180 );
9 jj;
C 0 R -1 0 T 26000 18000;
(SymbolCall jj);
5 10 41 2 8000 23000;
5 10 0 1 7000 31000 B0- 0 0 0 ?;
5 10 27 0 7000 21000 B0+ 0 0 0 ?;
5 3 area=.34;
5 1 jjr;
5 11 B 0;
1 Bound 5500 21000 8500 31000;
( Rotate 180 );
9 jj;
C 0 R -1 0 T 8000 31000;
(SymbolCall jj);
5 10 30 2 -11000 -22000;
5 10 12 1 -19000 -23000 B8- 0 0 0 ?;
5 10 15 0 -9000 -23000 B8+ 0 0 0 ?;
5 3 area=.17;
5 1 jjr;
5 11 B 8;
1 Bound -19000 -24500 -9000 -21500;
( Rotate 270 );
9 jj;
C 0 R 0 -1 T -19000 -22000;
(SymbolCall jj);
5 10 32 2 -10000 -7000;
5 10 18 1 -9000 -15000 B6- 0 0 0 ?;
5 10 21 0 -9000 -5000 B6+ 0 0 0 ?;
5 3 area=.22;
5 1 jjr;
5 11 B 6;
1 Bound -10500 -15000 -7500 -5000;
9 jj;
C 0 T -10000 -15000;
(SymbolCall jj);
5 10 31 2 20000 -7000;
5 10 17 1 21000 -15000 B7- 0 0 0 ?;
5 10 20 0 21000 -5000 B7+ 0 0 0 ?;
5 3 area=.22;
5 1 jjr;
5 11 B 7;
1 Bound 19500 -15000 22500 -5000;
9 jj;
C 0 T 20000 -15000;
(SymbolCall gnd);
5 10 0 0 7000 31000;
1 Bound 6000 31000 8000 33600;
( Rotate 180 );
9 gnd;
C 0 R -1 0 T 8000 32000;
(SymbolCall gnd);
5 10 0 0 21000 -19000;
1 Bound 20000 -21600 22000 -19000;
9 gnd;
C 0 T 20000 -20000;
(SymbolCall gnd);
5 10 0 0 29000 -23000;
1 Bound 29000 -24000 31600 -22000;
( Rotate 90 );
9 gnd;
C 0 R 0 1 T 30000 -24000;
(SymbolCall gnd);
5 10 0 0 -27000 -19000;
1 Bound -28000 -21600 -26000 -19000;
9 gnd;
C 0 T -28000 -20000;
(SymbolCall gnd);
5 10 0 0 -23000 -23000;
1 Bound -24000 -25600 -22000 -23000;
9 gnd;
C 0 T -24000 -24000;
(SymbolCall gnd);
5 10 0 0 -9000 27000;
1 Bound -10000 27000 -8000 29600;
( Rotate 180 );
9 gnd;
C 0 R -1 0 T -8000 28000;
(SymbolCall vcc);
5 10 1 0 17000 20000;
5 11 @ 0;
1 Bound 16000 17800 18000 20000;
9 vcc;
C 0 MY T 17000 20000;
(SymbolCall vcc);
5 10 1 0 15000 -9000;
5 11 @ 3;
1 Bound 14000 -9000 16000 -6800;
9 vcc;
C 0 T 15000 -9000;
(SymbolCall vcc);
5 10 1 0 -3000 -5000;
5 11 @ 2;
1 Bound -4000 -5000 -2000 -2800;
9 vcc;
C 0 T -3000 -5000;
(SymbolCall vcc);
5 10 1 0 -20000 15000;
5 11 @ 1;
1 Bound -21000 15000 -19000 17200;
9 vcc;
C 0 T -20000 15000;
(SymbolCall ind1);
5 10 22 0 -27000 -5000 LP3_0 0 0 0 ?;
5 10 5 1 -23000 -5000 LP3_1 0 0 0 ?;
5 15 -27000 -4000 1 0;
5 2 0.50pH;
5 11 LP 3;
1 Bound -27000 -5000 -23000 -3750;
( Rotate 90 );
9 ind1;
C 0 R 0 1 T -18000 -6000;
(SymbolCall ind1);
5 10 4 0 -3000 -19000 LP8_0 0 0 0 ?;
5 10 2 1 -3000 -23000 LP8_1 0 0 0 ?;
5 15 -2000 -19000 0 -1;
5 2 0.53pH;
5 11 LP 8;
1 Bound -3000 -23000 -1750 -19000;
9 ind1;
C 0 T -4000 -28000;
(SymbolCall ind1);
5 10 8 0 -20000 -1000 LP2_0 0 0 0 ?;
5 10 5 1 -20000 -5000 LP2_1 0 0 0 ?;
5 15 -19000 -1000 0 -1;
5 2 0.08pH;
5 11 LP 2;
1 Bound -20000 -5000 -18750 -1000;
9 ind1;
C 0 T -21000 -10000;
(SymbolCall ind1);
5 10 19 0 -27000 -15000 LP6_0 0 0 0 ?;
5 10 0 1 -27000 -19000 LP6_1 0 0 0 ?;
5 15 -26000 -15000 0 -1;
5 2 0.11pH;
5 11 LP 6;
1 Bound -27000 -19000 -25750 -15000;
9 ind1;
C 0 T -28000 -24000;
(SymbolCall ind1);
5 10 11 0 25000 26000 LP1_0 0 0 0 ?;
5 10 10 1 25000 22000 LP1_1 0 0 0 ?;
5 15 24000 26000 0 -1;
5 11 LP 1;
5 2 .26pH;
1 Bound 23750 22000 25000 26000;
( Rotate 180 );
9 ind1;
C 0 MY R -1 0 T 26000 17000;
(SymbolCall ind1);
5 10 13 0 25000 -23000 LP11_0 0 0 0 ?;
5 10 0 1 29000 -23000 LP11_1 0 0 0 ?;
5 15 25000 -22000 1 0;
5 2 0.16pH;
5 11 LP 11;
1 Bound 25000 -23000 29000 -21750;
( Rotate 90 );
9 ind1;
C 0 R 0 1 T 34000 -24000;
(SymbolCall ind1);
5 10 12 0 -19000 -23000 LP12_0 0 0 0 ?;
5 10 0 1 -23000 -23000 LP12_1 0 0 0 ?;
5 15 -19000 -24000 -1 0;
5 2 0.11pH;
5 11 LP 12;
1 Bound -23000 -24250 -19000 -23000;
( Rotate 270 );
9 ind1;
C 0 R 0 -1 T -28000 -22000;
(SymbolCall ind1);
5 10 23 0 17000 -5000 LP4_0 0 0 0 ?;
5 10 20 1 21000 -5000 LP4_1 0 0 0 ?;
5 15 17000 -4000 1 0;
5 2 0.45pH;
5 11 LP 4;
1 Bound 17000 -5000 21000 -3750;
( Rotate 90 );
9 ind1;
C 0 R 0 1 T 26000 -6000;
(SymbolCall ind1);
5 10 15 0 -9000 -23000 LP10_0 0 0 0 ?;
5 10 2 1 -5000 -23000 LP10_1 0 0 0 ?;
5 15 -9000 -22000 1 0;
5 11 LP 10;
5 2 0.16pH;
1 Bound -9000 -23000 -5000 -21750;
( Rotate 90 );
9 ind1;
C 0 R 0 1 T 0 -24000;
(SymbolCall ind1);
5 10 28 0 -9000 23000 LP0_0 0 0 0 ?;
5 10 0 1 -9000 27000 LP0_1 0 0 0 ?;
5 15 -10000 23000 0 1;
5 2 0.13pH;
5 11 LP 0;
1 Bound -10250 23000 -9000 27000;
( Rotate 180 );
9 ind1;
C 0 R -1 0 T -8000 32000;
(SymbolCall ind1);
5 10 17 0 21000 -15000 LP7_0 0 0 0 ?;
5 10 0 1 21000 -19000 LP7_1 0 0 0 ?;
5 15 22000 -15000 0 -1;
5 2 0.40pH;
5 11 LP 7;
1 Bound 21000 -19000 22250 -15000;
9 ind1;
C 0 T 20000 -24000;
(SymbolCall ind1);
5 10 6 0 25000 -5000 LP5_0 0 0 0 ?;
5 10 20 1 21000 -5000 LP5_1 0 0 0 ?;
5 15 25000 -6000 -1 0;
5 2 0.26pH;
5 11 LP 5;
1 Bound 21000 -6250 25000 -5000;
( Rotate 270 );
9 ind1;
C 0 R 0 -1 T 16000 -4000;
(SymbolCall ind1);
5 10 16 0 15000 -19000 LP9_0 0 0 0 ?;
5 10 14 1 15000 -23000 LP9_1 0 0 0 ?;
5 15 16000 -19000 0 -1;
5 2 .53pH;
5 11 LP 9;
1 Bound 15000 -23000 16250 -19000;
9 ind1;
C 0 T 14000 -28000;
L SCED;
5 10 11 0 0 0;
W2 0 17000 30000 25000 30000 25000 26000;
5 10 10 0 0 0;
W2 0 25000 22000 25000 18000;
5 10 9 0 0 0;
W2 0 -1000 13000 7000 13000 7000 8000;
5 10 8 0 0 0;
W2 0 -20000 -1000 -20000 5000;
5 10 7 0 0 0;
W2 0 7000 0 7000 -5000 7000 -8000;
5 10 6 0 0 0;
W2 0 25000 -5000 25000 -2000;
5 10 5 0 0 0;
W2 0 -23000 -5000 -20000 -5000 -17000 -5000;
5 10 4 0 0 0;
W2 0 -3000 -19000 -3000 -15000;
5 10 3 0 0 0;
W2 0 7000 -16000 7000 -23000;
5 10 2 0 0 0;
W2 0 -5000 -23000 -3000 -23000 -1000 -23000;
L ETC1;
94 <<0.46mA>> 19000 28000 0 5168 1644;
94 <<0.325mA>> -27000 2000 0 6107 1644;
94 <<0.175mA>> -2000 -17000 0 5755 1644;
94 <<0.225mA>> 8000 -17000 0 6107 1644;
L NAME;
5 16 B 0 11;
94 <<B0>> 5250 26000 64 1275 1000;
5 16 LP 0 11;
94 <<LP0>> -10500 25000 64 1875 1000;
5 16 R 0 11;
94 <<R0>> 15500 25000 64 1275 1000;
5 16 LP 1 11;
94 <<LP1>> 23500 24000 64 1650 1000;
5 16 LT 1 11;
94 <<LT1>> 25250 19500 0 1650 1000;
5 16 B 1 11;
94 <<B1>> -10750 18000 64 1050 1000;
5 16 LT 0 11;
94 <<LT0>> 6750 17000 64 1875 1000;
5 16 LT 2 11;
94 <<LT2>> -8750 14500 0 1875 1000;
5 16 B 2 11;
94 <<B2>> 23250 13000 64 1275 1000;
5 16 R 1 11;
94 <<R1>> -21500 10000 64 1050 1000;
5 16 LT 3 11;
94 <<LT3>> -9250 9000 64 1875 1000;
5 16 LT 4 11;
94 <<LT4>> 6750 4000 64 1875 1000;
5 16 L 0 11;
94 <<L0>> 23250 3000 64 1275 1000;
5 16 B 3 11;
94 <<B3>> -10750 0 64 1275 1000;
5 16 LP 2 11;
94 <<LP2>> -20250 -3000 64 1875 1000;
5 16 B 4 11;
94 <<B4>> 7250 -3250 0 1275 1000;
5 16 LT 5 11;
94 <<LT5>> -34750 -3500 0 1875 1000;
5 16 LP 3 11;
94 <<LP3>> -26750 -3500 0 1875 1000;
5 16 LT 6 11;
94 <<LT6>> -13750 -3500 0 1875 1000;
5 16 LP 4 11;
94 <<LP4>> 17250 -3500 0 1875 1000;
5 16 LT 7 11;
94 <<LT7>> 27250 -3500 0 1875 1000;
5 16 LP 5 11;
94 <<LP5>> 21250 -4750 0 1875 1000;
5 16 B 5 11;
94 <<B5>> -28750 -10000 64 1275 1000;
5 16 B 6 11;
94 <<B6>> -10750 -10000 64 1275 1000;
5 16 R 2 11;
94 <<R2>> -4500 -10000 64 1275 1000;
5 16 B 7 11;
94 <<B7>> 19250 -10000 64 1275 1000;
5 16 LT 8 11;
94 <<LT8>> 6750 -12000 64 1875 1000;
5 16 R 3 11;
94 <<R3>> 13500 -14000 64 1275 1000;
5 16 LP 6 11;
94 <<LP6>> -27250 -17000 64 1875 1000;
5 16 LP 7 11;
94 <<LP7>> 20750 -17000 64 1875 1000;
5 16 LT 9 11;
94 <<LT9>> -9250 -19000 64 1875 1000;
5 16 LP 8 11;
94 <<LP8>> -3250 -21000 64 1875 1000;
5 16 LP 9 11;
94 <<LP9>> 14750 -21000 64 1875 1000;
5 16 B 8 11;
94 <<B8>> -18750 -21250 0 1275 1000;
5 16 LP 10 11;
94 <<LP10>> -7750 -21500 0 2250 1000;
5 16 LT 10 11;
94 <<LT10>> 2250 -21500 0 2250 1000;
5 16 LT 11 11;
94 <<LT11>> 8250 -21500 0 2025 1000;
5 16 LP 11 11;
94 <<LP11>> 25250 -21500 0 2025 1000;
5 16 B 9 11;
94 <<B9>> 17250 -22250 0 1275 1000;
5 16 LP 12 11;
94 <<LP12>> -22750 -22750 0 2250 1000;
L MODL;
5 16 B 0 1;
94 <<jjr>> 8750 26250 0 1725 1000;
5 16 B 1 1;
94 <<jjr>> -7250 18250 0 1725 1000;
5 16 B 2 1;
94 <<jjr>> 26750 13250 0 1725 1000;
5 16 B 3 1;
94 <<jjr>> -7250 250 0 1725 1000;
5 16 B 4 1;
94 <<jjr>> 16750 -7750 64 1725 1000;
5 16 B 5 1;
94 <<jjr>> -25250 -9750 0 1725 1000;
5 16 B 6 1;
94 <<jjr>> -7250 -9750 0 1725 1000;
5 16 B 7 1;
94 <<jjr>> 22750 -9750 0 1725 1000;
5 16 B 8 1;
94 <<jjr>> -9250 -25750 64 1725 1000;
5 16 B 9 1;
94 <<jjr>> 24750 -25750 64 1725 1000;
L VALU;
5 16 LP 0 2;
94 <<0.13pH>> -8750 25250 0 3075 1000;
5 16 R 0 2;
94 <<22>> 18250 25250 0 1275 1000;
5 16 LP 1 2;
94 <<.26pH>> 25250 24250 0 2700 1000;
5 16 LT 0 2;
94 <<1.84pH>> 8500 17250 0 3075 1000;
5 16 LT 1 2;
94 <<0.63pH>> 31750 16750 64 3300 1000;
5 16 LT 2 2;
94 <<0.84pH>> -1250 11750 64 3300 1000;
5 16 R 1 2;
94 <<31>> -18750 10250 0 1050 1000;
5 16 LT 3 2;
94 <<0.50pH>> -7500 9250 0 3300 1000;
5 16 LT 4 2;
94 <<1.87pH>> 8500 4250 0 3075 1000;
5 16 L 0 2;
94 <<11.3pH>> 25250 3250 0 2850 1000;
5 16 LP 2 2;
94 <<0.08pH>> -18500 -2750 0 3300 1000;
5 16 LT 5 2;
94 <<1.98pH>> -29250 -6250 64 3075 1000;
5 16 LP 3 2;
94 <<0.50pH>> -23250 -6250 64 3300 1000;
5 16 LT 6 2;
94 <<1.29pH>> -11250 -6250 64 3075 1000;
5 16 LP 4 2;
94 <<0.45pH>> 20750 -6250 64 3300 1000;
5 16 LT 7 2;
94 <<0.24pH>> 31750 -6250 64 3300 1000;
5 16 LP 5 2;
94 <<0.26pH>> 24750 -7500 64 3300 1000;
5 16 R 2 2;
94 <<57>> -1750 -9750 0 1275 1000;
5 16 LT 8 2;
94 <<2.00pH>> 8500 -11750 0 3300 1000;
5 16 R 3 2;
94 <<44>> 16250 -13750 0 1275 1000;
5 16 LP 6 2;
94 <<0.11pH>> -25500 -16750 0 2850 1000;
5 16 LP 7 2;
94 <<0.40pH>> 22500 -16750 0 3300 1000;
5 16 LT 9 2;
94 <<0.55pH>> -7500 -18750 0 3300 1000;
5 16 LP 8 2;
94 <<0.53pH>> -1500 -20750 0 3300 1000;
5 16 LP 9 2;
94 <<.53pH>> 16500 -20750 0 2700 1000;
5 16 LP 10 2;
94 <<0.16pH>> -5250 -24250 64 3075 1000;
5 16 LT 10 2;
94 <<1.34pH>> 6750 -24250 64 3075 1000;
5 16 LT 11 2;
94 <<1.08pH>> 12750 -24250 64 3075 1000;
5 16 LP 11 2;
94 <<0.16pH>> 28750 -24250 64 3075 1000;
5 16 LP 12 2;
94 <<0.11pH>> -19250 -25500 64 2850 1000;
L PARM;
5 16 B 0 3;
94 <<area=.34>> 8750 24750 0 4425 1000;
5 16 B 1 3;
94 <<area=.17>> -7250 16750 0 4200 1000;
5 16 B 2 3;
94 <<area=.25>> 26750 11750 0 4425 1000;
5 16 B 3 3;
94 <<area=.22>> -7250 -1250 0 4425 1000;
5 16 B 4 3;
94 <<area=.13>> 7250 -8750 0 4200 1000;
5 16 B 5 3;
94 <<area=.3>> -25250 -11250 0 3825 1000;
5 16 B 6 3;
94 <<area=.22>> -7250 -11250 0 4425 1000;
5 16 B 7 3;
94 <<area=.22>> 22750 -11250 0 4425 1000;
5 16 B 8 3;
94 <<area=.17>> -16750 -25750 0 4200 1000;
5 16 B 9 3;
94 <<area=.34>> 15250 -26750 0 4425 1000;
L NODE;
5 16 @ 1 11;
94 <<vbias>> -20750 17450 0 2775 1000;
5 16 @ 0 11;
94 <<vbias>> 16250 16550 0 2775 1000;
5 16 @ 2 11;
94 <<vbias>> -3750 -2550 0 2775 1000;
5 16 @ 3 11;
94 <<vbias>> 14250 -6550 0 2775 1000;
DF;
E
