(Symbol bjtl5);
($Id:$);
(PHYSICAL);
(RESOLUTION 1000);
9 bjtl5;
DS 0 1 1;
DF;
E
(ELECTRICAL);
(RESOLUTION 1000);
5 10 1 0 0:7000 10000:8000 0x0 IN;
5 10 2 1 40000:38000 10000:8000 0x0 OUT;
5 18 1
  L ETC2:
  94 <<BJTL>> 20000 9000 256 4224 1792:
  L ETC1:
  B 25000 4000 22500 8000:
  L SCED:
  W 0 10000 8000 7000 8000:
  W 0 35000 8000 38000 8000:
;
5 11 X 0 subckt;
9 bjtl5;
DS 0 1 1;
(SymbolCall gnd);
5 10 0 0 8000 0;
1 Bound 7000 -2600 9000 0;
9 gnd;
C 0 T 7000 -1000;
(SymbolCall gnd);
5 10 0 0 16000 0;
1 Bound 15000 -2600 17000 0;
9 gnd;
C 0 T 15000 -1000;
(SymbolCall gnd);
5 10 0 0 24000 0;
1 Bound 23000 -2600 25000 0;
9 gnd;
C 0 T 23000 -1000;
(SymbolCall gnd);
5 10 0 0 32000 0;
1 Bound 31000 -2600 33000 0;
9 gnd;
C 0 T 31000 -1000;
(SymbolCall gnd);
5 10 0 0 40000 0;
1 Bound 39000 -2600 41000 0;
9 gnd;
C 0 T 39000 -1000;
(SymbolCall ind2);
5 10 1 0 0 10000 LT0_0;
5 10 3 1 8000 10000 LT0_1;
5 15 1000 11000 1 0;
5 2 41p;
5 11 LT 0;
1 Bound 0 10000 8000 11250;
( Rotate 90 );
9 ind2;
C 0 R 0 1 T 10000 9000;
(SymbolCall ind2);
5 10 3 0 8000 10000 LT1_0;
5 10 4 1 16000 10000 LT1_1;
5 15 9000 11000 1 0;
5 2 41p;
5 11 LT 1;
1 Bound 8000 10000 16000 11250;
( Rotate 90 );
9 ind2;
C 0 R 0 1 T 18000 9000;
(SymbolCall ind2);
5 10 4 0 16000 10000 LT2_0;
5 10 5 1 24000 10000 LT2_1;
5 15 17000 11000 1 0;
5 2 41p;
5 11 LT 2;
1 Bound 16000 10000 24000 11250;
( Rotate 90 );
9 ind2;
C 0 R 0 1 T 26000 9000;
(SymbolCall ind2);
5 10 5 0 24000 10000 LT3_0;
5 10 6 1 32000 10000 LT3_1;
5 15 25000 11000 1 0;
5 2 41p;
5 11 LT 3;
1 Bound 24000 10000 32000 11250;
( Rotate 90 );
9 ind2;
C 0 R 0 1 T 34000 9000;
(SymbolCall ind2);
5 10 6 0 32000 10000 LT4_0;
5 10 2 1 40000 10000 LT4_1;
5 15 33000 11000 1 0;
5 2 41p;
5 11 LT 4;
1 Bound 32000 10000 40000 11250;
( Rotate 90 );
9 ind2;
C 0 R 0 1 T 42000 9000;
(SymbolCall jj);
5 10 7 2 7000 8000 B0_2;
5 10 0 1 8000 0 B0-;
5 10 3 0 8000 10000 B0+;
5 3 area=2;
5 1 jju;
5 11 B 0;
1 Bound 6500 0 9500 10000;
9 jj;
C 0 T 7000 0;
(SymbolCall jj);
5 10 8 2 15000 8000 B1_2;
5 10 0 1 16000 0 B1-;
5 10 4 0 16000 10000 B1+;
5 1 jju;
5 3 area=2;
5 11 B 1;
1 Bound 14500 0 17500 10000;
9 jj;
C 0 T 15000 0;
(SymbolCall jj);
5 10 9 2 23000 8000 B2_2;
5 10 0 1 24000 0 B2-;
5 10 5 0 24000 10000 B2+;
5 1 jju;
5 3 area=2;
5 11 B 2;
1 Bound 22500 0 25500 10000;
9 jj;
C 0 T 23000 0;
(SymbolCall jj);
5 10 10 2 31000 8000 B3_2;
5 10 0 1 32000 0 B3-;
5 10 6 0 32000 10000 B3+;
5 1 jju;
5 3 area=2;
5 11 B 3;
1 Bound 30500 0 33500 10000;
9 jj;
C 0 T 31000 0;
(SymbolCall jj);
5 10 11 2 39000 8000 B4_2;
5 10 0 1 40000 0 B4-;
5 10 2 0 40000 10000 B4+;
5 1 jju;
5 3 area=2;
5 11 B 4;
1 Bound 38500 0 41500 10000;
9 jj;
C 0 T 39000 0;
L NAME;
5 16 LT 0 11;
94 <<LT0>> 250 11500 0 1875 1000;
5 16 LT 1 11;
94 <<LT1>> 8250 11500 0 1650 1000;
5 16 LT 2 11;
94 <<LT2>> 16250 11500 0 1875 1000;
5 16 LT 3 11;
94 <<LT3>> 24250 11500 0 1875 1000;
5 16 LT 4 11;
94 <<LT4>> 32250 11500 0 1875 1000;
5 16 B 0 11;
94 <<B0>> 6250 8750 320 1275 1000;
5 16 B 1 11;
94 <<B1>> 14250 8750 320 1050 1000;
5 16 B 2 11;
94 <<B2>> 22250 8750 320 1275 1000;
5 16 B 3 11;
94 <<B3>> 30250 8750 320 1275 1000;
5 16 B 4 11;
94 <<B4>> 38250 8750 320 1275 1000;
L MODL;
5 16 B 0 1;
94 <<jju>> 9750 9750 256 1691 1029;
5 16 B 1 1;
94 <<jju>> 17750 9750 256 1691 1029;
5 16 B 2 1;
94 <<jju>> 25750 9750 256 1691 1029;
5 16 B 3 1;
94 <<jju>> 33750 9750 256 1691 1029;
5 16 B 4 1;
94 <<jju>> 41750 9750 256 1691 1029;
L VALU;
5 16 LT 0 2;
94 <<41p>> 7750 9750 33088 1650 1000;
5 16 LT 1 2;
94 <<41p>> 15750 9750 33088 1650 1000;
5 16 LT 2 2;
94 <<41p>> 23750 9750 33088 1650 1000;
5 16 LT 3 2;
94 <<41p>> 31750 9750 33088 1650 1000;
5 16 LT 4 2;
94 <<41p>> 39750 9750 33088 1650 1000;
L PARM;
5 16 B 0 3;
94 <<area=2>> 9750 250 32768 3529 1029;
5 16 B 1 3;
94 <<area=2>> 17750 250 32768 3529 1029;
5 16 B 2 3;
94 <<area=2>> 25750 250 32768 3529 1029;
5 16 B 3 3;
94 <<area=2>> 33750 250 32768 3529 1029;
5 16 B 4 3;
94 <<area=2>> 41750 250 32768 3529 1029;
DF;
E
