(Symbol mrg);
($Id:$);
(PHYSICAL);
(RESOLUTION 1000);
9 mrg;
DS 0 1 1;
DF;
E
(ELECTRICAL);
(RESOLUTION 1000);
5 10 1 0 -8000:-18000 -35000:3000 0x0 IN1;
5 10 2 1 -8000:-18000 -63000:-1000 0x0 IN2;
5 10 3 2 28000:-2000 -49000:1000 0x0 OUT;
5 7101 tran 1p 10n;
5 18 1
  L ETC1:
  B 10000 8000 -10000 1000:
  L ETC2:
  94 <<MRG>> -12000 2000 256 3200 1792:
  L SCED:
  W 0 -15000 3000 -18000 3000:
  W 0 -5000 1000 -2000 1000:
  W 0 -15000 -1000 -18000 -1000:
;
5 11 X 0 subckt;
9 mrg;
DS 0 1 1;
(SymbolCall gnd);
5 10 0 0 0 -21000;
1 Bound -1000 -21000 1000 -18400;
9 gnd;
C 0 MY T -1000 -20000;
(SymbolCall gnd);
5 10 0 0 9000 -35000;
1 Bound 8000 -35000 10000 -32400;
9 gnd;
C 0 MY T 8000 -34000;
(SymbolCall gnd);
5 10 0 0 20000 -63000;
1 Bound 19000 -65600 21000 -63000;
9 gnd;
C 0 T 19000 -64000;
(SymbolCall gnd);
5 10 0 0 0 -77000;
1 Bound -1000 -79600 1000 -77000;
9 gnd;
C 0 T -1000 -78000;
(SymbolCall ind1);
5 10 0 0 0 -21000 LP0_0;
5 10 6 1 0 -25000 LP0_1;
5 15 1000 -21000 0 -1;
5 2 0.66p;
5 11 LP 0;
1 Bound 0 -25000 1250 -21000;
9 ind1;
C 0 T -1000 -30000;
(SymbolCall ind1);
5 10 7 0 0 -35000 LP1_0;
5 10 8 1 0 -39000 LP1_1;
5 15 1000 -35000 0 -1;
5 2 16.5p;
5 11 LP 1;
1 Bound 0 -39000 1250 -35000;
9 ind1;
C 0 T -1000 -44000;
(SymbolCall ind1);
5 10 5 0 9000 -49000 LP2_0;
5 10 9 1 9000 -45000 LP2_1;
5 15 10000 -49000 0 1;
5 2 3.3p;
5 11 LP 2;
1 Bound 9000 -49000 10250 -45000;
9 ind1;
C 0 MY T 8000 -40000;
(SymbolCall ind1);
5 10 4 0 5000 -49000 LP3_0;
5 10 5 1 9000 -49000 LP3_1;
5 15 5000 -48000 1 0;
5 2 16.5p;
5 11 LP 3;
1 Bound 5000 -49000 9000 -47750;
( Rotate 90 );
9 ind1;
C 0 R 0 1 T 14000 -50000;
(SymbolCall ind1);
5 10 11 0 0 -59000 LP4_0;
5 10 13 1 0 -63000 LP4_1;
5 15 1000 -59000 0 -1;
5 2 16.5p;
5 11 LP 4;
1 Bound 0 -63000 1250 -59000;
9 ind1;
C 0 T -1000 -68000;
(SymbolCall ind1);
5 10 12 0 20000 -59000 LP5_0;
5 10 0 1 20000 -63000 LP5_1;
5 15 21000 -59000 0 -1;
5 2 0.66p;
5 11 LP 5;
1 Bound 20000 -63000 21250 -59000;
9 ind1;
C 0 T 19000 -68000;
(SymbolCall ind1);
5 10 14 0 0 -73000 LP6_0;
5 10 0 1 0 -77000 LP6_1;
5 15 1000 -73000 0 -1;
5 2 0.66p;
5 11 LP 6;
1 Bound 0 -77000 1250 -73000;
9 ind1;
C 0 T -1000 -82000;
(SymbolCall ind2);
5 10 1 0 -8000 -35000 LT0_0;
5 10 7 1 0 -35000 LT0_1;
5 15 -7000 -34000 1 0;
5 2 50p;
5 11 LT 0;
1 Bound -8000 -35000 0 -33750;
( Rotate 90 );
9 ind2;
C 0 R 0 1 T 2000 -36000;
(SymbolCall ind2);
5 10 5 0 12000 -49000 LT1_0;
5 10 10 1 20000 -49000 LT1_1;
5 15 13000 -48000 1 0;
5 2 66p;
5 11 LT 1;
1 Bound 12000 -49000 20000 -47750;
( Rotate 90 );
9 ind2;
C 0 R 0 1 T 22000 -50000;
(SymbolCall ind2);
5 10 10 0 20000 -49000 LT2_0;
5 10 3 1 28000 -49000 LT2_1;
5 15 21000 -48000 1 0;
5 2 50p;
5 11 LT 2;
1 Bound 20000 -49000 28000 -47750;
( Rotate 90 );
9 ind2;
C 0 R 0 1 T 30000 -50000;
(SymbolCall ind2);
5 10 2 0 -8000 -63000 LT3_0;
5 10 13 1 0 -63000 LT3_1;
5 15 -7000 -62000 1 0;
5 2 50p;
5 11 LT 3;
1 Bound -8000 -63000 0 -61750;
( Rotate 90 );
9 ind2;
C 0 R 0 1 T 2000 -64000;
(SymbolCall isrc);
5 10 9 1 9000 -45000 I0_1;
5 10 0 0 9000 -35000 I0_0;
5 15 9000 -41000 0 -1 @<name>[c];
5 2 20.5u;
5 11 I 0;
5 5 nophys;
1 Bound 7000 -45000 11000 -35000;
9 isrc;
C 0 T 7000 -45000;
(SymbolCall jj);
5 10 15 2 -1000 -27000 B0_2;
5 10 7 1 0 -35000 B0-;
5 10 6 0 0 -25000 B0+;
5 3 area=10;
5 1 jjs;
5 11 B 0;
1 Bound -1500 -35000 1500 -25000;
9 jj;
C 0 T -1000 -35000;
(SymbolCall jj);
5 10 16 2 -1000 -41000 B1_2;
5 10 4 1 0 -49000 B1-;
5 10 8 0 0 -39000 B1+;
5 3 area=9;
5 1 jjs;
5 11 B 1;
1 Bound -1500 -49000 1500 -39000;
9 jj;
C 0 T -1000 -49000;
(SymbolCall jj);
5 10 17 2 -1000 -51000 B2_2;
5 10 11 1 0 -59000 B2-;
5 10 4 0 0 -49000 B2+;
5 3 area=9;
5 1 jjs;
5 11 B 2;
1 Bound -1500 -59000 1500 -49000;
9 jj;
C 0 T -1000 -59000;
(SymbolCall jj);
5 10 18 2 19000 -51000 B3_2;
5 10 12 1 20000 -59000 B3-;
5 10 10 0 20000 -49000 B3+;
5 3 area=10;
5 1 jjs;
5 11 B 3;
1 Bound 18500 -59000 21500 -49000;
9 jj;
C 0 T 19000 -59000;
(SymbolCall jj);
5 10 19 2 -1000 -65000 B4_2;
5 10 14 1 0 -73000 B4-;
5 10 13 0 0 -63000 B4+;
5 3 area=10;
5 1 jjs;
5 11 B 4;
1 Bound -1500 -73000 1500 -63000;
9 jj;
C 0 T -1000 -73000;
L SCED;
5 10 4;
W2 0 0 -49000 5000 -49000;
5 10 5;
W2 0 9000 -49000 12000 -49000;
L NAME;
5 16 LP 0 11;
94 <<LP0>> -250 -22250 320 1875 1000;
5 16 B 0 11;
94 <<B0>> -1750 -26250 320 1275 1000;
5 16 LT 0 11;
94 <<LT0>> -7750 -33500 0 1875 1000;
5 16 LP 1 11;
94 <<LP1>> -250 -36250 320 1650 1000;
5 16 I 0 11;
94 <<I0>> 6750 -36250 320 975 1000;
5 16 B 1 11;
94 <<B1>> -1750 -40250 320 1050 1000;
5 16 LP 2 11;
94 <<LP2>> 11750 -45250 320 1875 1000;
5 16 LP 3 11;
94 <<LP3>> 5250 -47500 0 1875 1000;
5 16 LT 1 11;
94 <<LT1>> 12250 -47500 0 1650 1000;
5 16 LT 2 11;
94 <<LT2>> 20250 -47500 0 1875 1000;
5 16 B 2 11;
94 <<B2>> -1750 -50250 320 1275 1000;
5 16 B 3 11;
94 <<B3>> 18250 -50250 320 1275 1000;
5 16 LP 4 11;
94 <<LP4>> -250 -60250 320 1875 1000;
5 16 LP 5 11;
94 <<LP5>> 19750 -60250 320 1875 1000;
5 16 LT 3 11;
94 <<LT3>> -7750 -61500 0 1875 1000;
5 16 B 4 11;
94 <<B4>> -1750 -64250 320 1275 1000;
5 16 LP 6 11;
94 <<LP6>> -250 -74250 320 1875 1000;
L MODL;
5 16 B 0 1;
94 <<jjs>> 750 -29250 256 1691 1029;
5 16 B 1 1;
94 <<jjs>> 750 -43250 256 1691 1029;
5 16 B 3 1;
94 <<jjs>> 21750 -49250 256 1691 1029;
5 16 B 2 1;
94 <<jjs>> 750 -53250 256 1691 1029;
5 16 B 4 1;
94 <<jjs>> 750 -67250 256 1691 1029;
L VALU;
5 16 LP 0 2;
94 <<0.66p>> 1500 -21250 33024 2700 1000;
5 16 LT 0 2;
94 <<50p>> -250 -35250 33088 1875 1000;
5 16 LP 1 2;
94 <<16.5p>> 1500 -35250 33024 2475 1000;
5 16 I 0 2;
94 <<20.5u>> 11250 -35250 33024 2700 1000;
5 16 LP 2 2;
94 <<3.3p>> 10500 -45250 33024 2100 1000;
5 16 LP 3 2;
94 <<16.5p>> 8750 -49250 33088 2475 1000;
5 16 LT 1 2;
94 <<66p>> 19750 -49250 33088 1875 1000;
5 16 LT 2 2;
94 <<50p>> 27750 -49250 33088 1875 1000;
5 16 LP 4 2;
94 <<16.5p>> 1500 -59250 33024 2475 1000;
5 16 LP 5 2;
94 <<0.66p>> 21500 -59250 33024 2700 1000;
5 16 LT 3 2;
94 <<50p>> -250 -63250 33088 1875 1000;
5 16 LP 6 2;
94 <<0.66p>> 1500 -73250 33024 2700 1000;
L PARM;
5 16 B 0 3;
94 <<area=10>> -4250 -30750 32768 3975 1000;
5 16 B 1 3;
94 <<area=9>> -4250 -44750 32768 3600 1000;
5 16 B 2 3;
94 <<area=9>> -4250 -54750 32768 3600 1000;
5 16 B 3 3;
94 <<area=10>> 21750 -58750 32768 3975 1000;
5 16 B 4 3;
94 <<area=10>> -4250 -68750 32768 3975 1000;
DF;
E
