(Symbol root);
($Id:$);
(PHYSICAL);
(RESOLUTION 1000);
9 root;
DS 0 1 1;
DF;
E
(ELECTRICAL);
(RESOLUTION 1000);
5 7103 (||1:4053 30000||) (||1:-19285 5000||) (||1:5000 5000||);
5 7102 (||2:-13000 19000||) (||1:59000 30000||) (||1:59000 5000||);
5 7101 tran 1p 20n;
5 14 1 L 0 L 2 $k1;
5 14 2 L 2 L 3 -$k1;
5 11 X 0 subckt;
9 root;
DS 0 1 1;
(SymbolCall 5PTL);
5 10 6 1 -20000 30000 X1OUT;
5 10 5 0 -43000 30000 X1IN;
5 11 X 1 subckt;
1 Bound -43000 28000 -20000 32000;
9 5PTL;
C 0 T -43000 30000;
(SymbolCall 5PTL);
5 10 7 1 28000 30000 X2OUT;
5 10 1 0 5000 30000 X2IN;
5 11 X 2 subckt;
1 Bound 5000 28000 28000 32000;
9 5PTL;
C 0 T 5000 30000;
(SymbolCall 5PTL);
5 10 3 1 -20000 5000 X4OUT;
5 10 10 0 -43000 5000 X4IN;
5 11 X 4 subckt;
1 Bound -43000 3000 -20000 7000;
9 5PTL;
C 0 T -43000 5000;
(SymbolCall 5PTL);
5 10 11 1 28000 5000 X5OUT;
5 10 2 0 5000 5000 X5IN;
5 11 X 5 subckt;
1 Bound 5000 3000 28000 7000;
9 5PTL;
C 0 T 5000 5000;
(SymbolCall bjtl);
5 10 13 1 59000 30000 X0OUT;
5 10 4 0 38000 30000 X0IN;
5 11 X 0 subckt;
1 Bound 38000 25000 59000 37000;
9 bjtl;
C 0 T 31000 20000;
(SymbolCall bjtl);
5 10 14 1 59000 5000 X3OUT;
5 10 9 0 38000 5000 X3IN;
5 11 X 3 subckt;
1 Bound 38000 0 59000 12000;
9 bjtl;
C 0 T 31000 -5000;
(SymbolCall gnd);
5 10 0 0 -10000 40000;
1 Bound -11000 40000 -9000 42600;
( Rotate 180 );
9 gnd;
C 0 R -1 0 T -9000 41000;
(SymbolCall gnd);
5 10 0 0 -53000 30000;
1 Bound -55600 29000 -53000 31000;
( Rotate 90 );
9 gnd;
C 0 MY R 0 1 T -54000 29000;
(SymbolCall gnd);
5 10 0 0 0 24000;
1 Bound 0 23000 2600 25000;
( Rotate 270 );
9 gnd;
C 0 MY R 0 -1 T 1000 25000;
(SymbolCall gnd);
5 10 0 0 -24000 18000;
1 Bound -26600 17000 -24000 19000;
( Rotate 90 );
9 gnd;
C 0 MY R 0 1 T -25000 17000;
(SymbolCall gnd);
5 10 0 0 6000 18000;
1 Bound 6000 17000 8600 19000;
( Rotate 90 );
9 gnd;
C 0 R 0 1 T 7000 17000;
(SymbolCall gnd);
5 10 0 0 5000 13000;
1 Bound 5000 12000 7600 14000;
( Rotate 90 );
9 gnd;
C 0 R 0 1 T 6000 12000;
(SymbolCall gnd);
5 10 0 0 -53000 5000;
1 Bound -55600 4000 -53000 6000;
( Rotate 90 );
9 gnd;
C 0 MY R 0 1 T -54000 4000;
(SymbolCall gnd);
5 10 0 0 -5000 -5000;
1 Bound -6000 -7600 -4000 -5000;
9 gnd;
C 0 T -6000 -6000;
(SymbolCall ind);
5 2 $ljtl;
5 11 L 0;
5 17 mutual;
5 10 6 0 -20000 30000 L0+;
5 10 1 1 -10000 30000 L0-;
5 15 -19000 31000 1 0;
1 Bound -20000 30000 -10000 31500;
( Rotate 90 );
9 ind;
C 0 R 0 1 T -10000 29000;
(SymbolCall ind);
5 10 7 1 28000 30000 L1-;
5 10 4 0 38000 30000 L1+;
5 15 37000 29000 -1 0;
5 2 5p;
5 11 L 1;
1 Bound 28000 28500 38000 30000;
( Rotate 270 );
9 ind;
C 0 R 0 -1 T 28000 31000;
(SymbolCall ind);
5 10 0 1 -4000 18000 L2-;
5 10 8 0 -14000 18000 L2+;
5 15 -13000 19000 1 0;
5 17 mutual;
5 17 mutual;
5 2 $ljpm;
5 11 L 2;
1 Bound -14000 18000 -4000 19500;
( Rotate 90 );
9 ind;
C 0 R 0 1 T -4000 17000;
(SymbolCall ind);
5 10 2 1 -5000 5000 L3-;
5 10 3 0 -15000 5000 L3+;
5 15 -14000 6000 1 0;
5 17 mutual;
5 11 L 3;
5 2 $ljtl;
1 Bound -15000 5000 -5000 6500;
( Rotate 90 );
9 ind;
C 0 R 0 1 T -5000 4000;
(SymbolCall ind);
5 10 11 1 28000 5000 L4-;
5 10 9 0 38000 5000 L4+;
5 15 37000 4000 -1 0;
5 11 L 4;
5 2 5p;
1 Bound 28000 3500 38000 5000;
( Rotate 270 );
9 ind;
C 0 R 0 -1 T 28000 6000;
(SymbolCall isrc);
5 10 1 1 -10000 24000 I0_1;
5 10 0 0 0 24000 I0_0;
5 15 -6000 24000 -1 0 @<name>[c];
5 2 pwl;
5 3 0 0 5p $ibias;
5 5 nophys;
5 11 I 0;
1 Bound -10000 22000 0 26000;
( Rotate 270 );
9 isrc;
C 0 R 0 -1 T -10000 26000;
(SymbolCall isrc);
5 10 8 1 -14000 18000 I1_1;
5 10 0 0 -24000 18000 I1_0;
5 15 -18000 18000 1 0 @<name>[c];
5 3 -1u 1u 0 5p 5p 10n 20n;
5 2 pulse;
5 11 I 1;
5 5 nophys;
1 Bound -24000 16000 -14000 20000;
( Rotate 90 );
9 isrc;
C 0 R 0 1 T -14000 16000;
(SymbolCall isrc);
5 10 2 1 -5000 13000 I2_1;
5 10 0 0 5000 13000 I2_0;
5 15 -1000 13000 -1 0 @<name>[c];
5 5 nophys;
5 11 I 2;
5 2 pwl;
5 3 0 0 5p $ibias;
1 Bound -5000 11000 5000 15000;
( Rotate 90 );
9 isrc;
C 0 MY R 0 1 T -5000 11000;
(SymbolCall jj);
5 10 12 2 -9000 32000 B0_2;
5 10 0 1 -10000 40000 B0-;
5 10 1 0 -10000 30000 B0+;
5 1 jjtl;
5 3 area=2;
5 11 B 0;
1 Bound -11500 30000 -8500 40000;
( Rotate 180 );
9 jj;
C 0 R -1 0 T -9000 40000;
(SymbolCall jj);
5 10 15 2 -6000 3000 B1_2;
5 10 0 1 -5000 -5000 B1-;
5 10 2 0 -5000 5000 B1+;
5 3 area=2;
5 1 jjtl;
5 11 B 1;
1 Bound -6500 -5000 -3500 5000;
9 jj;
C 0 T -6000 -5000;
(SymbolCall vsrc);
5 10 0 1 -53000 30000 V0_1;
5 10 5 0 -43000 30000 V0_0;
5 15 -47000 30000 -1 0;
5 3 0 0 50p 1p 10n;
5 2 gpulse;
5 5 nophys;
5 11 V 0;
1 Bound -53000 28000 -43000 32000;
( Rotate 90 );
9 vsrc;
C 0 MY R 0 1 T -53000 28000;
(SymbolCall vsrc);
5 10 0 1 -53000 5000 V1_1;
5 10 10 0 -43000 5000 V1_0;
5 15 -47000 5000 -1 0;
5 3 0 0 50p 1p 10n;
5 5 nophys;
5 11 V 1;
5 2 gpulse;
1 Bound -53000 3000 -43000 7000;
( Rotate 90 );
9 vsrc;
C 0 MY R 0 1 T -53000 3000;
L SCED;
94 <<.options ysep>> -55000 39000 256 24064 3584;
5 10 1;
W2 0 -10000 24000 -10000 30000 5000 30000;
5 10 0;
W2 0 -4000 18000 6000 18000;
5 10 2;
W2 0 -5000 13000 -5000 5000 5000 5000;
5 10 3;
W2 0 -20000 5000 -15000 5000;
L NAME;
5 16 B 0 11;
94 <<B0>> -11750 38750 320 1275 1000;
5 16 X 0 11;
94 <<X0>> 38250 37250 0 1275 1000;
5 16 V 0 11;
94 <<V0>> -52750 32250 0 1275 1000;
5 16 X 1 11;
94 <<X1>> -42750 32250 0 1050 1000;
5 16 X 2 11;
94 <<X2>> 5250 32250 0 1275 1000;
5 16 L 0 11;
94 <<L0>> -19750 31750 0 1275 1000;
5 16 L 1 11;
94 <<L1>> 28250 30250 0 1050 1000;
5 16 I 0 11;
94 <<I0>> -9750 26250 0 975 1000;
5 16 I 1 11;
94 <<I1>> -23750 20250 0 750 1000;
5 16 L 2 11;
94 <<L2>> -13750 19750 0 1275 1000;
5 16 I 2 11;
94 <<I2>> -4750 15250 0 975 1000;
5 16 X 3 11;
94 <<X3>> 38250 12250 0 1275 1000;
5 16 V 1 11;
94 <<V1>> -52750 7250 0 1050 1000;
5 16 X 4 11;
94 <<X4>> -42750 7250 0 1275 1000;
5 16 X 5 11;
94 <<X5>> 5250 7250 0 1275 1000;
5 16 L 3 11;
94 <<L3>> -14750 6750 0 1275 1000;
5 16 L 4 11;
94 <<L4>> 28250 5250 0 1275 1000;
5 16 B 1 11;
94 <<B1>> -6750 3750 320 1050 1000;
L MODL;
5 16 B 0 1;
94 <<jjtl>> -8250 39750 256 1911 1029;
5 16 B 1 1;
94 <<jjtl>> -3250 4750 256 1911 1029;
L VALU;
5 16 L 0 2;
94 <<$ljtl>> -10250 29750 33088 2325 1000;
5 16 L 1 2;
94 <<5p>> 37750 28250 33088 1250 1029;
5 16 V 0 2;
94 <<gpulse>> -43250 27750 33088 3375 1000;
5 16 I 0 2;
94 <<pwl>> -6750 27750 33094 1575 1000;
5 16 K 1 14;
94 <<K1=$k1>> -13544 24236 0 3088 1029;
5 16 L 2 2;
94 <<$ljpm>> -4250 17750 33088 2700 1000;
5 16 I 1 2;
94 <<pulse>> -14250 15750 33088 2720 1029;
5 16 K 2 14;
94 <<K2=-$k1>> -11000 11750 0 3896 1029;
5 16 I 2 2;
94 <<pwl>> 4750 10750 33088 1575 1000;
5 16 L 3 2;
94 <<$ljtl>> -5250 4750 33088 2325 1000;
5 16 L 4 2;
94 <<5p>> 37750 3250 33088 1250 1029;
5 16 V 1 2;
94 <<gpulse>> -43250 2750 33088 3375 1000;
L PARM;
5 16 B 0 3;
94 <<area=2>> -8250 30250 32768 3529 1029;
5 16 V 0 3;
94 <<0 0 50p 1p 10n>> -52750 26750 33024 7866 1029;
5 16 I 0 3;
94 <<0 0 5p $ibias>> 4750 26750 33030 7275 1000;
5 16 I 1 3;
94 <<-1u 1u 0 5p 5p 10n 20n>> -23750 14750 33024 12351 1029;
5 16 I 2 3;
94 <<0 0 5p $ibias>> -4750 9750 33024 7275 1000;
5 16 V 1 3;
94 <<0 0 50p 1p 10n>> -52750 1750 33024 7866 1029;
5 16 B 1 3;
94 <<area=2>> -3250 -4750 32768 3529 1029;
L SPTX;
94 <<.model jjtl jj(rtype=1, icrit=1u, cap=40f, r0=30, rn=30)>> -55000 54000 256 98304 3584;
94 <<.model jjs jj(icrit=1u, cap=40f, vshunt=1m)>> -55000 48000 256 75776 3584;
94 <<.temp -272>> -55000 39000 0 19200 3584;
DF;
E
