(Symbol 5PTL);
($Id:$);
(PHYSICAL);
(RESOLUTION 1000);
9 5PTL;
DS 0 1 1;
DF;
E
(ELECTRICAL);
(RESOLUTION 1000);
5 10 1 0 0:2000 0:1000 0x0 IN;
5 10 2 1 50000:13000 0:1000 0x0 OUT;
5 7101 tran 1p 20n;
5 18 1
  L VALU:
  94 <<in>> 4000 1000 320 416 448:
  94 <<out>> 12000 1000 320 768 448:
  L ETC1:
  B 9000 2000 7500 1000:
  L ETC2:
  94 <<5BTL>> 9000 2000 320 3056 1448:
  L SCED:
  W 0 3000 1000 2000 1000:
  W 0 12000 1000 13000 1000:
;
5 11 X 0 subckt;
9 5PTL;
DS 0 1 1;
(SymbolCall gnd);
5 10 0 0 13000 -9000;
1 Bound 12000 -11600 14000 -9000;
9 gnd;
C 0 T 12000 -10000;
(SymbolCall gnd);
5 10 0 0 21000 -9000;
1 Bound 20000 -11600 22000 -9000;
9 gnd;
C 0 T 20000 -10000;
(SymbolCall gnd);
5 10 0 0 29000 -9000;
1 Bound 28000 -11600 30000 -9000;
9 gnd;
C 0 T 28000 -10000;
(SymbolCall gnd);
5 10 0 0 37000 -9000;
1 Bound 36000 -11600 38000 -9000;
9 gnd;
C 0 T 36000 -10000;
(SymbolCall gnd);
5 10 0 0 45000 -9000;
1 Bound 44000 -11600 46000 -9000;
9 gnd;
C 0 T 44000 -10000;
(SymbolCall ind1);
5 10 8 0 13000 -5000 LJ1_0;
5 10 0 1 13000 -9000 LJ1_1;
5 15 14000 -5000 0 -1;
5 2 .1p;
5 11 LP.LJ1 0;
1 Bound 13000 -9000 14250 -5000;
9 ind1;
C 0 T 12000 -14000;
(SymbolCall ind1);
5 10 9 0 21000 -5000 LJ2_0;
5 10 0 1 21000 -9000 LJ2_1;
5 15 22000 -5000 0 -1;
5 11 LP.LJ2 1;
5 2 .1p;
1 Bound 21000 -9000 22250 -5000;
9 ind1;
C 0 T 20000 -14000;
(SymbolCall ind1);
5 10 10 0 29000 -5000 LJ3_0;
5 10 0 1 29000 -9000 LJ3_1;
5 15 30000 -5000 0 -1;
5 11 LP.LJ3 2;
5 2 .1p;
1 Bound 29000 -9000 30250 -5000;
9 ind1;
C 0 T 28000 -14000;
(SymbolCall ind1);
5 10 11 0 37000 -5000 LJ4_0;
5 10 0 1 37000 -9000 LJ4_1;
5 15 38000 -5000 0 -1;
5 11 LP.LJ4 3;
5 2 .1p;
1 Bound 37000 -9000 38250 -5000;
9 ind1;
C 0 T 36000 -14000;
(SymbolCall ind1);
5 10 12 0 45000 -5000 LJ5_0;
5 10 0 1 45000 -9000 LJ5_1;
5 15 46000 -5000 0 -1;
5 11 LP.LJ5 4;
5 2 .1p;
1 Bound 45000 -9000 46250 -5000;
9 ind1;
C 0 T 44000 -14000;
(SymbolCall ind2);
5 10 13 0 5000 5000 L1_0;
5 10 3 1 13000 5000 L1_1;
5 15 6000 6000 1 0;
5 2 41p;
5 11 LT.L1 0;
1 Bound 5000 5000 13000 6250;
( Rotate 90 );
9 ind2;
C 0 R 0 1 T 15000 4000;
(SymbolCall ind2);
5 10 3 0 13000 5000 L2_0;
5 10 4 1 21000 5000 L2_1;
5 15 14000 6000 1 0;
5 11 LT.L2 1;
5 2 41p;
1 Bound 13000 5000 21000 6250;
( Rotate 90 );
9 ind2;
C 0 R 0 1 T 23000 4000;
(SymbolCall ind2);
5 10 4 0 21000 5000 L3_0;
5 10 5 1 29000 5000 L3_1;
5 15 22000 6000 1 0;
5 11 LT.L3 2;
5 2 41p;
1 Bound 21000 5000 29000 6250;
( Rotate 90 );
9 ind2;
C 0 R 0 1 T 31000 4000;
(SymbolCall ind2);
5 10 5 0 29000 5000 L4_0;
5 10 6 1 37000 5000 L4_1;
5 15 30000 6000 1 0;
5 11 LT.L4 3;
5 2 41p;
1 Bound 29000 5000 37000 6250;
( Rotate 90 );
9 ind2;
C 0 R 0 1 T 39000 4000;
(SymbolCall ind2);
5 10 6 0 37000 5000 L5_0;
5 10 7 1 45000 5000 L5_1;
5 15 38000 6000 1 0;
5 11 LT.L5 4;
5 2 41p;
1 Bound 37000 5000 45000 6250;
( Rotate 90 );
9 ind2;
C 0 R 0 1 T 47000 4000;
(SymbolCall jj);
5 10 14 2 12000 3000 J1_2;
5 10 8 1 13000 -5000 J1-;
5 10 3 0 13000 5000 J1+;
5 3 area=2;
5 1 jjtl;
5 11 B.J1 0;
1 Bound 11500 -5000 14500 5000;
9 jj;
C 0 T 12000 -5000;
(SymbolCall jj);
5 10 15 2 20000 3000 J2_2;
5 10 9 1 21000 -5000 J2-;
5 10 4 0 21000 5000 J2+;
5 11 B.J2 1;
5 1 jjtl;
5 3 area=2;
1 Bound 19500 -5000 22500 5000;
9 jj;
C 0 T 20000 -5000;
(SymbolCall jj);
5 10 16 2 28000 3000 J3_2;
5 10 10 1 29000 -5000 J3-;
5 10 5 0 29000 5000 J3+;
5 11 B.J3 2;
5 1 jjtl;
5 3 area=2;
1 Bound 27500 -5000 30500 5000;
9 jj;
C 0 T 28000 -5000;
(SymbolCall jj);
5 10 17 2 36000 3000 J4_2;
5 10 11 1 37000 -5000 J4-;
5 10 6 0 37000 5000 J4+;
5 11 B.J4 3;
5 1 jjtl;
5 3 area=2;
1 Bound 35500 -5000 38500 5000;
9 jj;
C 0 T 36000 -5000;
(SymbolCall jj);
5 10 18 2 44000 3000 J5_2;
5 10 12 1 45000 -5000 J5-;
5 10 7 0 45000 5000 J5+;
5 11 B.J5 4;
5 1 jjtl;
5 3 area=2;
1 Bound 43500 -5000 46500 5000;
9 jj;
C 0 T 44000 -5000;
L NAME;
5 16 LT 0 11;
94 <<L1>> 5250 6500 0 1029 1029;
5 16 LT 1 11;
94 <<L2>> 13250 6500 0 1250 1029;
5 16 LT 2 11;
94 <<L3>> 21250 6500 0 1250 1029;
5 16 LT 3 11;
94 <<L4>> 29250 6500 0 1250 1029;
5 16 LT 4 11;
94 <<L5>> 37250 6500 0 1250 1029;
5 16 B 0 11;
94 <<J1>> 11250 3750 320 1029 1029;
5 16 B 1 11;
94 <<J2>> 19250 3750 320 1250 1029;
5 16 B 2 11;
94 <<J3>> 27250 3750 320 1250 1029;
5 16 B 3 11;
94 <<J4>> 35250 3750 320 1250 1029;
5 16 B 4 11;
94 <<J5>> 43250 3750 320 1250 1029;
5 16 LP 0 11;
94 <<LJ1>> 12750 -6250 320 1617 1029;
5 16 LP 1 11;
94 <<LJ2>> 20750 -6250 320 1838 1029;
5 16 LP 2 11;
94 <<LJ3>> 28750 -6250 320 1838 1029;
5 16 LP 3 11;
94 <<LJ4>> 36750 -6250 320 1838 1029;
5 16 LP 4 11;
94 <<LJ5>> 44750 -6250 320 1838 1029;
L MODL;
5 16 B 0 1;
94 <<jjtl>> 14750 4750 256 1911 1029;
5 16 B 1 1;
94 <<jjtl>> 22750 4750 256 1911 1029;
5 16 B 2 1;
94 <<jjtl>> 30750 4750 256 1911 1029;
5 16 B 3 1;
94 <<jjtl>> 38750 4750 256 1911 1029;
5 16 B 4 1;
94 <<jjtl>> 46750 4750 256 1911 1029;
L VALU;
5 16 LT 0 2;
94 <<41p>> 12750 4750 33088 1650 1000;
5 16 LT 1 2;
94 <<41p>> 20750 4750 33088 1650 1000;
5 16 LT 2 2;
94 <<41p>> 28750 4750 33088 1650 1000;
5 16 LT 3 2;
94 <<41p>> 36750 4750 33088 1650 1000;
5 16 LT 4 2;
94 <<41p>> 44750 4750 33088 1650 1000;
5 16 LP 0 2;
94 <<.1p>> 14500 -5250 33024 1275 1000;
5 16 LP 1 2;
94 <<.1p>> 22500 -5250 33024 1275 1000;
5 16 LP 2 2;
94 <<.1p>> 30500 -5250 33024 1275 1000;
5 16 LP 3 2;
94 <<.1p>> 38500 -5250 33024 1275 1000;
5 16 LP 4 2;
94 <<.1p>> 46500 -5250 33024 1275 1000;
L PARM;
5 16 B 0 3;
94 <<area=2>> 14750 -4750 32768 3529 1029;
5 16 B 1 3;
94 <<area=2>> 22750 -4750 32768 3529 1029;
5 16 B 2 3;
94 <<area=2>> 30750 -4750 32768 3529 1029;
5 16 B 3 3;
94 <<area=2>> 38750 -4750 32768 3529 1029;
5 16 B 4 3;
94 <<area=2>> 46750 -4750 32768 3529 1029;
DF;
E
