(Symbol bjtl);
($Id:$);
(PHYSICAL);
(RESOLUTION 1000);
9 bjtl;
DS 0 1 1;
DF;
E
(ELECTRICAL);
(RESOLUTION 1000);
5 10 1 0 0:7000 10000:10000 0x0 IN;
5 10 2 1 30000:28000 10000:10000 0x0 OUT;
5 7101 tran 1p 5n;
5 18 1
  L SCED:
  B 15000 10000 17500 10000:
  W 0 10000 10000 7000 10000:
  W 0 25000 10000 28000 10000:
  L NAME:
  94 <<BJTL>> 17000 17000 4 4224 1792:
;
5 11 X 0 subckt;
9 bjtl;
DS 0 1 1;
(SymbolCall gnd);
5 10 0 0 20000 20000;
1 Bound 19000 20000 21000 22600;
9 gnd;
C 0 MY T 19000 21000;
(SymbolCall gnd);
5 10 0 0 10000 0;
1 Bound 9000 -2600 11000 0;
9 gnd;
C 0 T 9000 -1000;
(SymbolCall gnd);
5 10 0 0 30000 0;
1 Bound 29000 -2600 31000 0;
9 gnd;
C 0 T 29000 -1000;
(SymbolCall ind);
5 10 4 1 10000 10000 L0-;
5 10 1 0 0 10000 L0+;
5 15 1000 11000 1 0;
5 2 5p;
5 11 L 0;
1 Bound 0 10000 10000 11500;
( Rotate 90 );
9 ind;
C 0 R 0 1 T 10000 9000;
(SymbolCall ind);
5 10 3 1 20000 10000 L1-;
5 10 4 0 10000 10000 L1+;
5 15 11000 11000 1 0;
5 11 L 1;
5 2 5p;
1 Bound 10000 10000 20000 11500;
( Rotate 90 );
9 ind;
C 0 R 0 1 T 20000 9000;
(SymbolCall ind);
5 10 2 1 30000 10000 L2-;
5 10 3 0 20000 10000 L2+;
5 15 21000 11000 1 0;
5 11 L 2;
5 2 5p;
1 Bound 20000 10000 30000 11500;
( Rotate 90 );
9 ind;
C 0 R 0 1 T 30000 9000;
(SymbolCall isrc);
5 10 3 1 20000 10000 I0_1;
5 10 0 0 20000 20000 I0_0;
5 15 20000 14000 0 -1 @<name>[c];
5 2 15u;
5 5 nophys;
5 11 I 0;
1 Bound 18000 10000 22000 20000;
9 isrc;
C 0 T 18000 10000;
(SymbolCall jj);
5 10 5 2 9000 8000 B0_2;
5 10 0 1 10000 0 B0-;
5 10 4 0 10000 10000 B0+;
5 3 area=10;
5 11 B 0;
5 1 jjtl;
1 Bound 8500 0 11500 10000;
9 jj;
C 0 T 9000 0;
(SymbolCall jj);
5 10 6 2 29000 8000 B1_2;
5 10 0 1 30000 0 B1-;
5 10 2 0 30000 10000 B1+;
5 3 area=10;
5 11 B 1;
5 1 jjtl;
1 Bound 28500 0 31500 10000;
9 jj;
C 0 T 29000 0;
L NAME;
5 16 I 0 11;
94 <<I0>> 17750 18750 320 975 1000;
5 16 L 0 11;
94 <<L0>> 250 11750 0 1275 1000;
5 16 L 1 11;
94 <<L1>> 10250 11750 0 1050 1000;
5 16 L 2 11;
94 <<L2>> 20250 11750 0 1275 1000;
5 16 B 0 11;
94 <<B0>> 8250 8750 320 1275 1000;
5 16 B 1 11;
94 <<B1>> 28250 8750 320 1050 1000;
L MODL;
5 16 B 0 1;
94 <<jjtl>> 11750 9750 256 1950 1000;
5 16 B 1 1;
94 <<jjtl>> 31750 9750 256 1950 1000;
L VALU;
5 16 I 0 2;
94 <<15u>> 22250 19750 33024 1617 1029;
5 16 L 0 2;
94 <<5p>> 9750 9750 33088 1275 1000;
5 16 L 1 2;
94 <<5p>> 19750 9750 33088 1275 1000;
5 16 L 2 2;
94 <<5p>> 29750 9750 33088 1275 1000;
L PARM;
5 16 B 0 3;
94 <<area=10>> 11750 250 32768 3975 1000;
5 16 B 1 3;
94 <<area=10>> 31750 250 32768 3975 1000;
DF;
E
