(Symbol D);
($Id:$);
(PHYSICAL);
(RESOLUTION 1000);
9 D;
DS 0 1 1;
DF;
E
(ELECTRICAL);
(RESOLUTION 1000);
5 10 1 0 0:3000 20000:22000 0x0 IN;
5 10 2 1 10000:10000 40000:28000 0x0 CLK;
5 10 3 2 20000:18000 20000:22000 0x0 OUT;
5 7103 (||1:4053 30000||) (||1:-19285 5000||) (||1:5000 5000||);
5 7102 (||1:-43000 30000||) (||1:-43000 5000||) (||1:87000 30000||) (||1:116000 30000||) (||2:-13000 19000||) (||1:59000 30000||) (||1:59000 5000||);
5 7101 tran 1p 40n;
5 18 1
  L SCED:
  W 0 10000 25000 10000 28000:
  B 11000 6000 10500 22000:
  W 0 5000 22000 3000 22000:
  W 0 16000 22000 18000 22000:
;
5 11 X 0 subckt;
9 D;
DS 0 1 1;
(SymbolCall gnd);
5 10 0 0 20000 0;
1 Bound 19000 -2600 21000 0;
9 gnd;
C 0 T 19000 -1000;
(SymbolCall ind);
5 10 4 1 10000 30000 L0-;
5 10 2 0 10000 40000 L0+;
5 15 11000 39000 0 -1;
5 2 1.3p;
5 11 L 0;
1 Bound 10000 30000 11500 40000;
9 ind;
C 0 T 9000 30000;
(SymbolCall ind);
5 10 5 1 10000 20000 L1-;
5 10 1 0 0 20000 L1+;
5 15 1000 21000 1 0;
5 2 8.9p;
5 11 L 1;
1 Bound 0 20000 10000 21500;
( Rotate 90 );
9 ind;
C 0 R 0 1 T 10000 19000;
(SymbolCall ind);
5 10 3 1 20000 20000 L2-;
5 10 5 0 10000 20000 L2+;
5 15 11000 21000 1 0;
5 2 .26p;
5 11 L 2;
1 Bound 10000 20000 20000 21500;
( Rotate 90 );
9 ind;
C 0 R 0 1 T 20000 19000;
(SymbolCall ind);
5 10 0 1 20000 0 L3-;
5 10 6 0 20000 10000 L3+;
5 15 21000 9000 0 -1;
5 2 .13p;
5 11 L 3;
1 Bound 20000 0 21500 10000;
9 ind;
C 0 T 19000 0;
(SymbolCall jj);
5 10 7 2 9000 28000 B0_2;
5 10 5 1 10000 20000 B0-;
5 10 4 0 10000 30000 B0+;
5 1 jjd;
5 3 area=250;
5 11 B 0;
1 Bound 8500 20000 11500 30000;
9 jj;
C 0 T 9000 20000;
(SymbolCall jj);
5 10 8 2 19000 18000 B1_2;
5 10 6 1 20000 10000 B1-;
5 10 3 0 20000 20000 B1+;
5 1 jjd;
5 3 area=250;
5 11 B 1;
1 Bound 18500 10000 21500 20000;
9 jj;
C 0 T 19000 10000;
L NAME;
5 16 L 0 11;
94 <<L0>> 9750 38750 320 1275 1000;
5 16 B 0 11;
94 <<B0>> 8250 28750 320 1275 1000;
5 16 L 1 11;
94 <<L1>> 250 21750 0 1050 1000;
5 16 L 2 11;
94 <<L2>> 10250 21750 0 1275 1000;
5 16 B 1 11;
94 <<B1>> 18250 18750 320 1050 1000;
5 16 L 3 11;
94 <<L3>> 19750 8750 320 1275 1000;
L MODL;
5 16 B 0 1;
94 <<jjd>> 11750 29750 256 1725 1000;
5 16 B 1 1;
94 <<jjd>> 21750 19750 256 1725 1000;
L VALU;
5 16 L 0 2;
94 <<1.3p>> 11750 39750 33024 1875 1000;
5 16 L 1 2;
94 <<8.9p>> 9750 19750 33088 2058 1029;
5 16 L 2 2;
94 <<.26p>> 19750 19750 33088 2100 1000;
5 16 L 3 2;
94 <<.13p>> 21750 9750 33024 1875 1000;
L PARM;
5 16 B 0 3;
94 <<area=250>> 12750 24250 32768 4800 1000;
5 16 B 1 3;
94 <<area=250>> 21750 4250 32768 4800 1000;
DF;
E
