(Symbol ptl);
($Id:$);
(PHYSICAL);
(RESOLUTION 1000);
9 ptl;
DS 0 1 1;
DF;
E
(ELECTRICAL);
(RESOLUTION 1000);
5 10 1 0 -9000 10000 0x0 IN;
5 10 2 1 1000 10000 0x0 OUT;
5 7101 tran 1p 10n;
5 18 1
  L SCED:
  B 6000 4000 -4000 10000:
  W 0 -7000 10000 -9000 10000:
  W 0 -1000 10000 1000 10000:
;
5 11 X 0 subckt;
9 ptl;
DS 0 1 1;
(SymbolCall gnd);
5 10 0 0 1000 -10000;
1 Bound 0 -12600 2000 -10000;
9 gnd;
C 0 T 0 -11000;
(SymbolCall ind);
5 10 2 1 1000 10000 L0-;
5 10 1 0 -9000 10000 L0+;
5 15 -8000 11000 1 0;
5 2 41p;
5 11 L 0;
1 Bound -9000 10000 1000 11500;
( Rotate 90 );
9 ind;
C 0 R 0 1 T 1000 9000;
(SymbolCall ind);
5 10 0 1 1000 -10000 L1-;
5 10 3 0 1000 0 L1+;
5 15 2000 -1000 0 -1;
5 2 .1p;
5 11 L 1;
1 Bound 1000 -10000 2500 0;
9 ind;
C 0 T 0 -10000;
(SymbolCall jj);
5 10 4 2 0 8000 B0_2;
5 10 3 1 1000 0 B0-;
5 10 2 0 1000 10000 B0+;
5 3 area=2;
5 1 jjtl;
5 11 B 0;
1 Bound -500 0 2500 10000;
9 jj;
C 0;
L NAME;
5 16 L 0 11;
94 <<L0>> -8750 11750 0 1275 1000;
5 16 B 0 11;
94 <<B0>> -750 8750 320 1275 1000;
5 16 L 1 11;
94 <<L1>> 750 -1250 320 1050 1000;
L MODL;
5 16 B 0 1;
94 <<jjtl>> 2750 9750 256 1911 1029;
L VALU;
5 16 L 0 2;
94 <<41p>> 750 9750 33088 1617 1029;
5 16 L 1 2;
94 <<.1p>> 2750 -250 33024 1275 1000;
L PARM;
5 16 B 0 3;
94 <<area=2>> 2750 250 32768 3529 1029;
DF;
E
