(Symbol root);
($Id:$);
(PHYSICAL);
(RESOLUTION 1000);
9 root;
DS 0 1 1;
DF;
E
(ELECTRICAL);
(RESOLUTION 1000);
5 7102 (||1:59000 30000||) (||1:59000 5000||) (||1:96000 5000||);
5 7101 tran 1p 20n;
5 18 0
;
5 14 1 L 0 L 7 $k1;
5 14 2 L 7 L 8 $k1;
5 11 X 0 subckt;
9 root;
DS 0 1 1;
(SymbolCall 5PTL);
5 10 12 1 -7000 30000 X1OUT;
5 10 2 0 -30000 30000 X1IN;
5 11 X 1 subckt;
1 Bound -30000 28000 -7000 32000;
9 5PTL;
C 0 MY T -30000 30000;
(SymbolCall 5PTL);
5 10 13 1 28000 30000 X2OUT;
5 10 3 0 5000 30000 X2IN;
5 11 X 2 subckt;
1 Bound 5000 28000 28000 32000;
9 5PTL;
C 0 MY T 5000 30000;
(SymbolCall 5PTL);
5 10 22 1 -8000 5000 X5OUT;
5 10 2 0 -31000 5000 X5IN;
5 11 X 5 subckt;
1 Bound -31000 3000 -8000 7000;
9 5PTL;
C 0 T -31000 5000;
(SymbolCall 5PTL);
5 10 23 1 28000 5000 X6OUT;
5 10 7 0 5000 5000 X6IN;
5 11 X 6 subckt;
1 Bound 5000 3000 28000 7000;
9 5PTL;
C 0 T 5000 5000;
(SymbolCall cap);
5 10 14 1 63000 30000 C0-;
5 10 15 0 53000 30000 C0+;
5 15 55000 29000 1 0 <value>*deriv(<v>);
5 11 C 0;
5 2 $cc;
1 Bound 53000 28000 63000 32000;
( Rotate 90 );
9 cap;
C 0 R 0 1 T 63000 30000;
(SymbolCall cap);
5 10 18 1 63000 20000 C1-;
5 10 19 0 53000 20000 C1+;
5 15 55000 19000 1 0 <value>*deriv(<v>);
5 2 $cc;
5 11 C 1;
1 Bound 53000 18000 63000 22000;
( Rotate 90 );
9 cap;
C 0 R 0 1 T 63000 20000;
(SymbolCall cap);
5 10 24 1 63000 5000 C2-;
5 10 25 0 53000 5000 C2+;
5 15 55000 4000 1 0 <value>*deriv(<v>);
5 11 C 2;
5 2 $cc;
1 Bound 53000 3000 63000 7000;
( Rotate 90 );
9 cap;
C 0 R 0 1 T 63000 5000;
(SymbolCall cap);
5 10 27 1 63000 -5000 C3-;
5 10 28 0 53000 -5000 C3+;
5 15 55000 -6000 1 0 <value>*deriv(<v>);
5 2 $cc;
5 11 C 3;
1 Bound 53000 -7000 63000 -3000;
( Rotate 90 );
9 cap;
C 0 R 0 1 T 63000 -5000;
(SymbolCall fjtl);
5 10 6 1 123000 30000 X0OUT;
5 10 5 0 102000 30000 X0IN;
5 11 X 0 subckt;
1 Bound 102000 25000 123000 35000;
9 fjtl;
C 0 T 90000 20000;
(SymbolCall fjtl);
5 10 32 1 124000 5000 X3OUT;
5 10 9 0 103000 5000 X3IN;
5 11 X 3 subckt;
1 Bound 103000 0 124000 10000;
9 fjtl;
C 0 T 91000 -5000;
(SymbolCall fjtl);
5 10 33 1 174000 5000 X4OUT;
5 10 34 0 153000 5000 X4IN;
5 11 X 4 subckt;
1 Bound 153000 0 174000 10000;
9 fjtl;
C 0 T 141000 -5000;
(SymbolCall gnd);
5 10 0 0 -19000 40000;
1 Bound -21600 39000 -19000 41000;
( Rotate 270 );
9 gnd;
C 0 R 0 -1 T -20000 41000;
(SymbolCall gnd);
5 10 0 0 38000 20000;
1 Bound 37000 17400 39000 20000;
9 gnd;
C 0 T 37000 19000;
(SymbolCall gnd);
5 10 0 0 -17000 18000;
1 Bound -19600 17000 -17000 19000;
( Rotate 90 );
9 gnd;
C 0 MY R 0 1 T -18000 17000;
(SymbolCall gnd);
5 10 0 0 3000 18000;
1 Bound 3000 17000 5600 19000;
( Rotate 90 );
9 gnd;
C 0 R 0 1 T 4000 17000;
(SymbolCall gnd);
5 10 0 0 40000 15000;
1 Bound 37400 14000 40000 16000;
( Rotate 90 );
9 gnd;
C 0 MY R 0 1 T 39000 14000;
(SymbolCall gnd);
5 10 0 0 -92000 8000;
1 Bound -93000 5400 -91000 8000;
9 gnd;
C 0 T -93000 7000;
(SymbolCall gnd);
5 10 0 0 -40000 -5000;
1 Bound -42600 -6000 -40000 -4000;
( Rotate 90 );
9 gnd;
C 0 MY R 0 1 T -41000 -6000;
(SymbolCall ind);
5 10 12 1 -7000 30000 L0-;
5 10 3 0 3000 30000 L0+;
5 15 2000 29000 -1 0;
5 2 $ljtl;
5 11 L 0;
5 17 mutual;
1 Bound -7000 28500 3000 30000;
( Rotate 270 );
9 ind;
C 0 R 0 -1 T -7000 31000;
(SymbolCall ind);
5 10 13 1 28000 30000 L1-;
5 10 4 0 38000 30000 L1+;
5 15 37000 29000 -1 0;
5 2 $ljtl;
5 11 L 1;
1 Bound 28000 28500 38000 30000;
( Rotate 270 );
9 ind;
C 0 R 0 -1 T 28000 31000;
(SymbolCall ind);
5 10 4 1 43000 30000 L2-;
5 10 15 0 53000 30000 L2+;
5 15 52000 29000 -1 0;
5 2 5p;
5 11 L 2;
1 Bound 43000 28500 53000 30000;
( Rotate 270 );
9 ind;
C 0 R 0 -1 T 43000 31000;
(SymbolCall ind);
5 10 14 1 63000 30000 L3-;
5 10 16 0 73000 30000 L3+;
5 15 72000 29000 -1 0;
5 11 L 3;
5 2 5p;
1 Bound 63000 28500 73000 30000;
( Rotate 270 );
9 ind;
C 0 R 0 -1 T 63000 31000;
(SymbolCall ind);
5 10 17 1 138000 15000 L4-;
5 10 6 0 138000 25000 L4+;
5 15 139000 24000 0 -1;
5 2 33p;
5 11 L 4;
1 Bound 138000 15000 139500 25000;
9 ind;
C 0 T 137000 15000;
(SymbolCall ind);
5 10 0 1 43000 20000 L5-;
5 10 19 0 53000 20000 L5+;
5 15 52000 19000 -1 0;
5 2 5p;
5 11 L 5;
1 Bound 43000 18500 53000 20000;
( Rotate 270 );
9 ind;
C 0 R 0 -1 T 43000 21000;
(SymbolCall ind);
5 10 18 1 63000 20000 L6-;
5 10 1 0 73000 20000 L6+;
5 15 72000 19000 -1 0;
5 11 L 6;
5 2 5p;
1 Bound 63000 18500 73000 20000;
( Rotate 270 );
9 ind;
C 0 R 0 -1 T 63000 21000;
(SymbolCall ind);
5 10 0 1 3000 18000 L7-;
5 10 20 0 -7000 18000 L7+;
5 15 -6000 19000 1 0;
5 2 1n;
5 17 mutual;
5 17 mutual;
5 11 L 7;
1 Bound -7000 18000 3000 19500;
( Rotate 90 );
9 ind;
C 0 R 0 1 T 3000 17000;
(SymbolCall ind);
5 10 7 1 2000 5000 L8-;
5 10 22 0 -8000 5000 L8+;
5 15 -7000 6000 1 0;
5 2 $ljtl;
5 11 L 8;
5 17 mutual;
1 Bound -8000 5000 2000 6500;
( Rotate 90 );
9 ind;
C 0 R 0 1 T 2000 4000;
(SymbolCall ind);
5 10 23 1 28000 5000 L9-;
5 10 8 0 38000 5000 L9+;
5 15 37000 4000 -1 0;
5 2 $ljtl;
5 11 L 9;
1 Bound 28000 3500 38000 5000;
( Rotate 270 );
9 ind;
C 0 R 0 -1 T 28000 6000;
(SymbolCall ind);
5 10 8 1 43000 5000 L10-;
5 10 25 0 53000 5000 L10+;
5 15 52000 4000 -1 0;
5 2 5p;
5 11 L 10;
1 Bound 43000 3500 53000 5000;
( Rotate 270 );
9 ind;
C 0 R 0 -1 T 43000 6000;
(SymbolCall ind);
5 10 24 1 63000 5000 L11-;
5 10 26 0 73000 5000 L11+;
5 15 72000 4000 -1 0;
5 11 L 11;
5 2 5p;
1 Bound 63000 3500 73000 5000;
( Rotate 270 );
9 ind;
C 0 R 0 -1 T 63000 6000;
(SymbolCall ind);
5 10 10 1 128000 5000 L12-;
5 10 21 0 138000 5000 L12+;
5 15 137000 4000 -1 0;
5 2 200p;
5 11 L 12;
1 Bound 128000 3500 138000 5000;
( Rotate 270 );
9 ind;
C 0 R 0 -1 T 128000 6000;
(SymbolCall ind);
5 10 21 1 138000 5000 L13-;
5 10 11 0 148000 5000 L13+;
5 15 147000 4000 -1 0;
5 2 7p;
5 11 L 13;
1 Bound 138000 3500 148000 5000;
( Rotate 270 );
9 ind;
C 0 R 0 -1 T 138000 6000;
(SymbolCall ind);
5 10 0 1 43000 -5000 L14-;
5 10 28 0 53000 -5000 L14+;
5 15 52000 -6000 -1 0;
5 2 5p;
5 11 L 14;
1 Bound 43000 -6500 53000 -5000;
( Rotate 270 );
9 ind;
C 0 R 0 -1 T 43000 -4000;
(SymbolCall ind);
5 10 27 1 63000 -5000 L15-;
5 10 1 0 73000 -5000 L15+;
5 15 72000 -6000 -1 0;
5 11 L 15;
5 2 5p;
1 Bound 63000 -6500 73000 -5000;
( Rotate 270 );
9 ind;
C 0 R 0 -1 T 63000 -4000;
(SymbolCall isrc);
5 10 4 1 38000 30000 I0_1;
5 10 0 0 38000 40000 I0_0;
5 15 38000 34000 0 -1 @<name>[c];
5 2 -1u;
5 11 I 0;
5 5 nophys;
1 Bound 36000 30000 40000 40000;
9 isrc;
C 0 T 36000 30000;
(SymbolCall isrc);
5 10 5 1 89000 30000 I1_1;
5 10 1 0 89000 40000 I1_0;
5 15 89000 34000 0 -1 @<name>[c];
5 2 -15u;
5 5 nophys;
5 11 I 1;
1 Bound 87000 30000 91000 40000;
9 isrc;
C 0 T 87000 30000;
(SymbolCall isrc);
5 10 20 1 -7000 18000 I2_1;
5 10 0 0 -17000 18000 I2_0;
5 15 -11000 18000 1 0 @<name>[c];
5 3 -1u 1u 0 5p 5p 10n 20n;
5 2 pulse;
5 11 I 2;
5 5 nophys;
1 Bound -17000 16000 -7000 20000;
( Rotate 90 );
9 isrc;
C 0 R 0 1 T -7000 16000;
(SymbolCall isrc);
5 10 8 1 40000 5000 I3_1;
5 10 0 0 40000 15000 I3_0;
5 15 40000 9000 0 -1 @<name>[c];
5 2 -1u;
5 5 nophys;
5 11 I 3;
1 Bound 38000 5000 42000 15000;
9 isrc;
C 0 T 38000 5000;
(SymbolCall isrc);
5 10 9 1 89000 5000 I4_1;
5 10 1 0 89000 15000 I4_0;
5 15 89000 9000 0 -1 @<name>[c];
5 2 -15u;
5 11 I 4;
5 5 nophys;
1 Bound 87000 5000 91000 15000;
9 isrc;
C 0 T 87000 5000;
(SymbolCall jj);
5 10 29 2 4000 32000 B0_2;
5 10 0 1 3000 40000 B0-;
5 10 3 0 3000 30000 B0+;
5 3 area=2;
5 11 B 0;
5 1 jjtl;
1 Bound 1500 30000 4500 40000;
( Rotate 180 );
9 jj;
C 0 R -1 0 T 4000 40000;
(SymbolCall jj);
5 10 30 2 37000 28000 B1_2;
5 10 0 1 38000 20000 B1-;
5 10 4 0 38000 30000 B1+;
5 3 area=2;
5 11 B 1;
5 1 jjtl;
1 Bound 36500 20000 39500 30000;
9 jj;
C 0 T 37000 20000;
(SymbolCall jj);
5 10 31 2 88000 28000 B2_2;
5 10 1 1 89000 20000 B2-;
5 10 5 0 89000 30000 B2+;
5 3 area=20.5;
5 1 jjs;
5 11 B 2;
1 Bound 87500 20000 90500 30000;
9 jj;
C 0 T 88000 20000;
(SymbolCall jj);
5 10 35 2 137000 13000 B3_2;
5 10 21 1 138000 5000 B3-;
5 10 17 0 138000 15000 B3+;
5 1 jjs;
5 3 area=10;
5 11 B 3;
1 Bound 136500 5000 139500 15000;
9 jj;
C 0 T 137000 5000;
(SymbolCall jj);
5 10 36 2 1000 3000 B4_2;
5 10 0 1 2000 -5000 B4-;
5 10 7 0 2000 5000 B4+;
5 3 area=2;
5 11 B 4;
5 1 jjtl;
1 Bound 500 -5000 3500 5000;
9 jj;
C 0 T 1000 -5000;
(SymbolCall jj);
5 10 37 2 39000 3000 B5_2;
5 10 0 1 40000 -5000 B5-;
5 10 8 0 40000 5000 B5+;
5 3 area=2;
5 11 B 5;
5 1 jjtl;
1 Bound 38500 -5000 41500 5000;
9 jj;
C 0 T 39000 -5000;
(SymbolCall jj);
5 10 38 2 88000 3000 B6_2;
5 10 1 1 89000 -5000 B6-;
5 10 9 0 89000 5000 B6+;
5 3 area=20.5;
5 1 jjs;
5 11 B 6;
1 Bound 87500 -5000 90500 5000;
9 jj;
C 0 T 88000 -5000;
(SymbolCall jj);
5 10 39 2 147000 3000 B7_2;
5 10 1 1 148000 -5000 B7-;
5 10 11 0 148000 5000 B7+;
5 1 jjs;
5 3 area=10;
5 11 B 7;
1 Bound 146500 -5000 149500 5000;
9 jj;
C 0 T 147000 -5000;
(SymbolCall res);
5 10 5 1 83000 30000 R0-;
5 10 16 0 73000 30000 R0+;
5 15 74000 31000 1 0 "<v>/<value>O";
5 2 1;
5 11 R 0;
1 Bound 73000 29000 83000 31250;
( Rotate 270 );
9 res;
C 0 MY R 0 -1 T 73000 30000;
(SymbolCall res);
5 10 9 1 83000 5000 R1-;
5 10 26 0 73000 5000 R1+;
5 15 74000 6000 1 0 "<v>/<value>O";
5 2 1;
5 11 R 1;
1 Bound 73000 4000 83000 6250;
( Rotate 270 );
9 res;
C 0 MY R 0 -1 T 73000 5000;
(SymbolCall vsrc);
5 10 0 1 -92000 8000 V0_1;
5 10 2 0 -92000 18000 V0_0;
5 15 -92000 14000 0 -1;
5 3 0 0 50p 1p 10n;
5 5 nophys;
5 11 V 0;
5 2 gpulse;
1 Bound -94000 8000 -90000 18000;
( Rotate 180 );
9 vsrc;
C 0 MY R -1 0 T -90000 8000;
L SCED;
5 10 0;
W2 0 38000 40000 16000 40000 3000 40000 -19000 40000 -19000 34000;
5 10 0;
W2 0 16000 34000 16000 40000;
5 10 1;
W2 0 89000 40000 99000 40000 99000 20000 89000 20000 73000 20000;
5 16 L 1 2;
94 <<$ljtl>> 34750 31250 33088 2277 1029;
5 16 L 2 2;
94 <<5p>> 49750 31250 33088 1249 1029;
5 16 L 3 2;
94 <<5p>> 69750 31250 33088 1249 1029;
5 10 2;
W2 0 -92000 18000 -92000 30000 -44000 30000 -30000 30000;
5 10 2;
W2 0 -44000 30000 -44000 4000 -31000 5000;
5 10 3;
W2 0 5000 30000 3000 30000;
5 10 4;
W2 0 38000 30000 43000 30000;
5 10 5;
W2 0 83000 30000 89000 30000 91000 30000 102000 30000;
5 10 6;
W2 0 123000 30000 124000 30000 131000 30000 138000 30000 138000 25000;
5 16 L 4 2;
94 <<33p>> 139750 24750 33024 1838 1029;
5 10 1;
W2 0 99000 20000 112000 20000 112000 23000;
5 16 L 5 2;
94 <<5p>> 49750 21250 33088 1249 1029;
5 16 L 6 2;
94 <<5p>> 69750 21250 33088 1249 1029;
5 10 0;
W2 0 38000 20000 43000 20000;
5 10 1;
W2 0 122000 -5000 122000 20000 112000 20000;
5 10 1;
W2 0 89000 15000 99000 15000 99000 -5000 89000 -5000 73000 -5000;
5 16 L 9 2;
94 <<$ljtl>> 34750 6250 33088 2277 1029;
5 16 L 10 2;
94 <<5p>> 49750 6250 33088 1249 1029;
5 16 L 11 2;
94 <<5p>> 69750 6250 33088 1249 1029;
5 16 L 12 2;
94 <<200p>> 134750 6250 33088 2426 1029;
5 16 L 13 2;
94 <<7p>> 144750 6250 33088 1250 1029;
5 10 7;
W2 0 5000 5000 2000 5000;
5 10 8;
W2 0 38000 5000 40000 5000 43000 5000;
5 10 9;
W2 0 83000 5000 89000 5000 92000 5000 103000 5000;
5 10 10;
W2 0 124000 5000 125000 5000 128000 5000;
5 10 11;
W2 0 148000 5000 153000 5000;
5 10 0;
W2 0 -20000 1000 -20000 -5000;
5 10 0;
W2 0 16000 1000 16000 -5000;
5 10 1;
W2 0 99000 -5000 113000 -5000 113000 -2000;
5 10 1;
W2 0 113000 -5000 122000 -5000 148000 -5000 163000 -5000 163000 -2000;
5 16 L 14 2;
94 <<5p>> 49750 -3750 33088 1249 1029;
5 16 L 15 2;
94 <<5p>> 69750 -3750 33088 1249 1029;
5 10 0;
W2 0 -40000 -5000 -20000 -5000 2000 -5000 16000 -5000 40000 -5000 43000 -5000;
5 10 1;
W2 0 163000 -5000 174000 -5000;
L NAME;
5 16 B 0 11;
94 <<B0>> 1250 38750 320 1275 1000;
5 16 I 0 11;
94 <<I0>> 35750 38750 320 975 1000;
5 16 I 1 11;
94 <<I1>> 86750 38750 320 750 1000;
5 16 X 0 11;
94 <<X0>> 99725 36000 0 1275 1000;
5 16 X 1 11;
94 <<X1>> -29750 34250 0 1050 1000;
5 16 X 2 11;
94 <<X2>> 5250 34250 0 1275 1000;
5 16 C 0 11;
94 <<C0>> 53250 32250 0 1275 1000;
5 16 R 0 11;
94 <<R0>> 73250 31500 0 1275 1000;
5 16 L 0 11;
94 <<L0>> -6750 30250 0 1275 1000;
5 16 L 1 11;
94 <<L1>> 28250 30250 0 1050 1000;
5 16 L 2 11;
94 <<L2>> 43250 30250 0 1275 1000;
5 16 L 3 11;
94 <<L3>> 63250 30250 0 1275 1000;
5 16 B 1 11;
94 <<B1>> 36250 28750 320 1050 1000;
5 16 B 2 11;
94 <<B2>> 87250 28750 320 1275 1000;
5 16 L 4 11;
94 <<L4>> 137750 23750 320 1275 1000;
5 16 C 1 11;
94 <<C1>> 53250 22250 0 1050 1000;
5 16 I 2 11;
94 <<I2>> -16750 20250 0 975 1000;
5 16 L 5 11;
94 <<L5>> 43250 20250 0 1275 1000;
5 16 L 6 11;
94 <<L6>> 63250 20250 0 1275 1000;
5 16 L 7 11;
94 <<L7>> -6750 19750 0 1275 1000;
5 16 V 0 11;
94 <<V0>> -94250 16750 320 1275 1000;
5 16 I 3 11;
94 <<I3>> 37750 13750 320 975 1000;
5 16 I 4 11;
94 <<I4>> 86750 13750 320 975 1000;
5 16 B 3 11;
94 <<B3>> 136250 13750 320 1275 1000;
5 16 X 3 11;
94 <<X3>> 100725 11000 0 1275 1000;
5 16 X 4 11;
94 <<X4>> 150725 11000 0 1275 1000;
5 16 X 5 11;
94 <<X5>> -30750 7250 0 1275 1000;
5 16 X 6 11;
94 <<X6>> 5250 7250 0 1275 1000;
5 16 C 2 11;
94 <<C2>> 53250 7250 0 1275 1000;
5 16 L 8 11;
94 <<L8>> -7750 6750 0 1275 1000;
5 16 R 1 11;
94 <<R1>> 73250 6500 0 1050 1000;
5 16 L 9 11;
94 <<L9>> 28250 5250 0 1275 1000;
5 16 L 10 11;
94 <<L10>> 43250 5250 0 1650 1000;
5 16 L 11 11;
94 <<L11>> 63250 5250 0 1425 1000;
5 16 L 12 11;
94 <<L12>> 128250 5250 0 1650 1000;
5 16 L 13 11;
94 <<L13>> 138250 5250 0 1650 1000;
5 16 B 4 11;
94 <<B4>> 250 3750 320 1275 1000;
5 16 B 5 11;
94 <<B5>> 38250 3750 320 1275 1000;
5 16 B 6 11;
94 <<B6>> 87250 3750 320 1275 1000;
5 16 B 7 11;
94 <<B7>> 146250 3750 320 1275 1000;
5 16 C 3 11;
94 <<C3>> 53250 -2750 0 1275 1000;
5 16 L 14 11;
94 <<L14>> 43250 -4750 0 1650 1000;
5 16 L 15 11;
94 <<L15>> 63250 -4750 0 1650 1000;
L MODL;
5 16 B 0 1;
94 <<jjtl>> 4750 39750 256 1911 1029;
5 16 B 1 1;
94 <<jjtl>> 39750 29750 256 1911 1029;
5 16 B 2 1;
94 <<jjs>> 86750 25750 256 1690 1029;
5 16 B 3 1;
94 <<jjs>> 134750 10750 256 1690 1029;
5 16 B 4 1;
94 <<jjtl>> 3750 4750 256 1911 1029;
5 16 B 5 1;
94 <<jjtl>> 41750 4750 256 1911 1029;
5 16 B 6 1;
94 <<jjs>> 86750 750 256 1690 1029;
5 16 B 7 1;
94 <<jjs>> 145750 750 256 1690 1029;
L VALU;
5 16 I 0 2;
94 <<-1u>> 34250 35750 33024 1650 1000;
5 16 I 1 2;
94 <<-15u>> 85250 35750 33024 2250 1000;
5 16 R 0 2;
94 <<1>> 82750 28750 33088 450 1000;
5 16 L 0 2;
94 <<$ljtl>> 2750 28250 33088 2325 1000;
5 16 C 0 2;
94 <<$cc>> 62750 27750 33088 1875 1000;
5 16 K 1 14;
94 <<K1=$k1>> -3544 23486 0 3088 1029;
5 16 L 7 2;
94 <<1n>> 2750 17750 33088 1029 1029;
5 16 C 1 2;
94 <<$cc>> 62750 17750 33088 1875 1000;
5 16 I 2 2;
94 <<pulse>> -7250 15750 33088 2720 1029;
5 16 V 0 2;
94 <<gpulse>> -97750 13750 33024 3375 1000;
5 16 K 2 14;
94 <<K2=$k1>> -4154 11736 0 3308 1029;
5 16 I 3 2;
94 <<-1u>> 36250 10750 33024 1650 1000;
5 16 I 4 2;
94 <<-15u>> 85250 10750 33024 2250 1000;
5 16 L 8 2;
94 <<$ljtl>> 1750 4750 33088 2325 1000;
5 16 R 1 2;
94 <<1>> 82750 3750 33088 450 1000;
5 16 C 2 2;
94 <<$cc>> 62750 2750 33088 1875 1000;
5 16 C 3 2;
94 <<$cc>> 62750 -7250 33088 1875 1000;
L PARM;
5 16 B 0 3;
94 <<area=2>> -2250 34250 32768 3529 1029;
5 16 B 1 3;
94 <<area=2>> 33750 24250 32768 3529 1029;
5 16 B 2 3;
94 <<area=20.5>> 89750 24250 32768 4922 1029;
5 16 I 2 3;
94 <<-1u 1u 0 5p 5p 10n 20n>> -16750 14750 33024 12351 1029;
5 16 V 0 3;
94 <<0 0 50p 1p 10n>> -89750 12250 32768 7866 1029;
5 16 B 3 3;
94 <<area=10>> 139750 9250 32768 3895 1029;
5 16 B 4 3;
94 <<area=2>> -3250 -750 32768 3529 1029;
5 16 B 5 3;
94 <<area=2>> 35750 -750 32768 3529 1029;
5 16 B 6 3;
94 <<area=20.5>> 89750 -750 32768 4922 1029;
5 16 B 7 3;
94 <<area=10>> 148750 -750 32768 3895 1029;
L SPTX;
94 <<.model jjtl jj(rtype=1, icrit=1u, cap=40f, r0=30, rn=30)>> -31000 80000 256 98304 3584;
94 <<.model jjs jj(icrit=1u, cap=40f, r0=30, rn=30)>> -31000 74000 256 81664 3584;
94 <<.temp -272>> -31000 65000 0 19200 3584;
94 <<.options ysep>> -31000 65000 256 24064 3584;
DF;
E
