(Symbol dff);
($Id:$);
(PHYSICAL);
(RESOLUTION 1000);
9 dff;
DS 0 1 1;
DF;
E
(ELECTRICAL);
(RESOLUTION 1000);
5 10 1 0 0:-13000 10000:0 0x0 DATA;
5 10 2 1 2000:-5000 20000:8000 0x0 CLK;
5 10 3 2 18000:3000 10000:0 0x0 OUT;
5 7101 tran 1p 10n;
5 18 1
  L ETC1:
  B 10000 10000 -5000 0:
  L ETC2:
  94 <<DFF>> -6000 1000 256 3200 1792:
  L SCED:
  W 0 -5000 5000 -5000 8000:
  W 0 -10000 0 -13000 0:
  W 0 0 0 3000 0:
;
5 11 X 0 subckt;
9 dff;
DS 0 1 1;
(SymbolCall gnd);
5 10 0 0 18000 -4000;
1 Bound 17000 -6600 19000 -4000;
9 gnd;
C 0 T 17000 -5000;
(SymbolCall ind1);
5 10 6 0 18000 0 LP0_0;
5 10 0 1 18000 -4000 LP0_1;
5 15 19000 0 0 -1;
5 2 3.3p;
5 11 LP 0;
1 Bound 18000 -4000 19250 0;
9 ind1;
C 0 T 17000 -9000;
(SymbolCall ind2);
5 10 2 0 2000 20000 LT0_0;
5 10 4 1 10000 20000 LT0_1;
5 15 3000 21000 1 0;
5 2 32.9p;
5 11 LT 0;
1 Bound 2000 20000 10000 21250;
( Rotate 90 );
9 ind2;
C 0 R 0 1 T 12000 19000;
(SymbolCall ind2);
5 10 5 0 10000 10000 LT1_0;
5 10 3 1 18000 10000 LT1_1;
5 15 11000 11000 1 0;
5 2 6.59p;
5 11 LT 1;
1 Bound 10000 10000 18000 11250;
( Rotate 90 );
9 ind2;
C 0 R 0 1 T 20000 9000;
(SymbolCall ind3);
5 10 1 0 0 10000 LQ0_0;
5 10 5 1 10000 10000 LQ0_1;
5 15 1000 11000 1 0;
5 2 222.7p;
5 11 LQ 0;
1 Bound 0 10000 10000 11500;
( Rotate 90 );
9 ind3;
C 0 R 0 1 T 10000 9000;
(SymbolCall jj);
5 10 7 2 9000 18000 B0_2;
5 10 5 1 10000 10000 B0-;
5 10 4 0 10000 20000 B0+;
5 3 area=10;
5 11 B 0;
5 1 jjs;
1 Bound 8500 10000 11500 20000;
9 jj;
C 0 T 9000 10000;
(SymbolCall jj);
5 10 8 2 17000 8000 B1_2;
5 10 6 1 18000 0 B1-;
5 10 3 0 18000 10000 B1+;
5 1 jjs;
5 3 area=10;
5 11 B 1;
1 Bound 16500 0 19500 10000;
9 jj;
C 0 T 17000 0;
L NAME;
5 16 LT 0 11;
94 <<LT0>> 2250 21500 0 1875 1000;
5 16 B 0 11;
94 <<B0>> 8250 18750 320 1275 1000;
5 16 LQ 0 11;
94 <<LQ0>> 250 11750 0 1875 1000;
5 16 LT 1 11;
94 <<LT1>> 10250 11500 0 1650 1000;
5 16 B 1 11;
94 <<B1>> 16250 8750 320 1050 1000;
5 16 LP 0 11;
94 <<LP0>> 17750 -1250 320 1875 1000;
L MODL;
5 16 B 0 1;
94 <<jjs>> 11750 19750 256 1691 1029;
5 16 B 1 1;
94 <<jjs>> 19750 9750 256 1691 1029;
L VALU;
5 16 LT 0 2;
94 <<32.9p>> 9750 19750 33088 2700 1000;
5 16 LQ 0 2;
94 <<222.7p>> 9750 9750 33088 3300 1000;
5 16 LT 1 2;
94 <<6.59p>> 17750 9750 33088 2700 1000;
5 16 LP 0 2;
94 <<3.3p>> 19500 -250 33024 2100 1000;
L PARM;
5 16 B 0 3;
94 <<area=10>> 11750 14250 32768 3975 1000;
5 16 B 1 3;
94 <<area=10>> 19750 250 32768 3975 1000;
DF;
E
