(Symbol spl);
($Id:$);
(PHYSICAL);
(RESOLUTION 1000);
9 spl;
DS 0 1 1;
DF;
E
(ELECTRICAL);
(RESOLUTION 1000);
5 10 1 0 1000:-18000 10000:1000 0x0 IN;
5 10 2 1 26000:-1000 15000:3000 0x0 OUT1;
5 10 3 2 26000:-1000 5000:-1000 0x0 OUT2;
5 7101 tran 1p 10n;
5 18 1
  L ETC1:
  B 11000 8000 -9500 1000:
  L ETC2:
  94 <<SPL>> -11000 0 0 3200 1792:
  L SCED:
  W 0 -4000 3000 -1000 3000:
  W 0 -15000 1000 -18000 1000:
  W 0 -4000 -1000 -1000 -1000:
;
5 11 X 0 subckt;
9 spl;
DS 0 1 1;
(SymbolCall gnd);
5 10 0 0 18000 25000;
1 Bound 17000 25000 19000 27600;
9 gnd;
C 0 MY T 17000 26000;
(SymbolCall gnd);
5 10 0 0 19000 10000;
1 Bound 19000 9000 21600 11000;
( Rotate 90 );
9 gnd;
C 0 R 0 1 T 20000 9000;
(SymbolCall gnd);
5 10 0 0 1000 0;
1 Bound 0 -2600 2000 0;
9 gnd;
C 0 T 0 -1000;
(SymbolCall gnd);
5 10 0 0 18000 -5000;
1 Bound 17000 -7600 19000 -5000;
9 gnd;
C 0 T 17000 -6000;
(SymbolCall ind2);
5 10 4 0 10000 15000 LT0_0;
5 10 5 1 18000 15000 LT0_1;
5 15 11000 16000 1 0;
5 2 50p;
5 11 LT 0;
1 Bound 10000 15000 18000 16250;
( Rotate 90 );
9 ind2;
C 0 R 0 1 T 20000 14000;
(SymbolCall ind2);
5 10 5 0 18000 15000 LT1_0;
5 10 2 1 26000 15000 LT1_1;
5 15 19000 16000 1 0;
5 2 100p;
5 11 LT 1;
1 Bound 18000 15000 26000 16250;
( Rotate 90 );
9 ind2;
C 0 R 0 1 T 28000 14000;
(SymbolCall ind2);
5 10 1 0 1000 10000 LT2_0;
5 10 4 1 9000 10000 LT2_1;
5 15 2000 11000 1 0;
5 2 50p;
5 11 LT 2;
1 Bound 1000 10000 9000 11250;
( Rotate 90 );
9 ind2;
C 0 R 0 1 T 11000 9000;
(SymbolCall ind2);
5 10 4 0 10000 5000 LT3_0;
5 10 6 1 18000 5000 LT3_1;
5 15 11000 6000 1 0;
5 2 50p;
5 11 LT 3;
1 Bound 10000 5000 18000 6250;
( Rotate 90 );
9 ind2;
C 0 R 0 1 T 20000 4000;
(SymbolCall ind2);
5 10 6 0 18000 5000 LT4_0;
5 10 3 1 26000 5000 LT4_1;
5 15 19000 6000 1 0;
5 2 100p;
5 11 LT 4;
1 Bound 18000 5000 26000 6250;
( Rotate 90 );
9 ind2;
C 0 R 0 1 T 28000 4000;
(SymbolCall isrc);
5 10 4 1 9000 10000 I0_1;
5 10 0 0 19000 10000 I0_0;
5 15 13000 10000 -1 0 @<name>[c];
5 2 22.5u;
5 11 I 0;
5 5 nophys;
1 Bound 9000 8000 19000 12000;
( Rotate 90 );
9 isrc;
C 0 MY R 0 1 T 9000 8000;
(SymbolCall jj);
5 10 7 2 17000 17000 B0_2;
5 10 0 1 18000 25000 B0-;
5 10 5 0 18000 15000 B0+;
5 3 area=10;
5 1 jjs;
5 11 B 0;
1 Bound 16500 15000 19500 25000;
9 jj;
C 0 MY T 17000 25000;
(SymbolCall jj);
5 10 8 2 0 8000 B1_2;
5 10 0 1 1000 0 B1-;
5 10 1 0 1000 10000 B1+;
5 3 area=10;
5 1 jjs;
5 11 B 1;
1 Bound -500 0 2500 10000;
9 jj;
C 0;
(SymbolCall jj);
5 10 9 2 17000 3000 B2_2;
5 10 0 1 18000 -5000 B2-;
5 10 6 0 18000 5000 B2+;
5 1 jjs;
5 3 area=10;
5 11 B 2;
1 Bound 16500 -5000 19500 5000;
9 jj;
C 0 T 17000 -5000;
L SCED;
5 10 4;
W2 0 10000 15000 9000 15000 9000 10000 9000 5000 10000 5000;
L NAME;
5 16 B 0 11;
94 <<B0>> 16250 23750 320 1275 1000;
5 16 LT 0 11;
94 <<LT0>> 10250 16500 0 1875 1000;
5 16 LT 1 11;
94 <<LT1>> 18250 16500 0 1650 1000;
5 16 I 0 11;
94 <<I0>> 9250 12250 0 975 1000;
5 16 LT 2 11;
94 <<LT2>> 1250 11500 0 1875 1000;
5 16 B 1 11;
94 <<B1>> -750 8750 320 1050 1000;
5 16 LT 3 11;
94 <<LT3>> 10250 6500 0 1875 1000;
5 16 LT 4 11;
94 <<LT4>> 18250 6500 0 1875 1000;
5 16 B 2 11;
94 <<B2>> 16250 3750 320 1275 1000;
L MODL;
5 16 B 0 1;
94 <<jjs>> 19750 24750 256 1691 1029;
5 16 B 1 1;
94 <<jjs>> 2750 9750 256 1691 1029;
5 16 B 2 1;
94 <<jjs>> 19750 4750 256 1691 1029;
L VALU;
5 16 LT 0 2;
94 <<50p>> 17750 14750 33088 1875 1000;
5 16 LT 1 2;
94 <<100p>> 25750 14750 33088 2250 1000;
5 16 I 0 2;
94 <<22.5u>> 18750 11750 33088 2700 1000;
5 16 LT 2 2;
94 <<50p>> 8750 9750 33088 1875 1000;
5 16 LT 3 2;
94 <<50p>> 17750 4750 33088 1875 1000;
5 16 LT 4 2;
94 <<100p>> 25750 4750 33088 2250 1000;
L PARM;
5 16 B 0 3;
94 <<area=10>> 19750 19250 32768 3896 1029;
5 16 B 1 3;
94 <<area=10>> 2750 250 32768 3896 1029;
5 16 B 2 3;
94 <<area=10>> 19750 -4750 32768 3896 1029;
DF;
E
