8 5 0.0001
0.000000000E+00
-6.278961246E-02
0.000000000E+00
0.000000000E+00
0.000000000E+00
-1.091218291E-02
0.000000000E+00
0.000000000E+00
6.278961246E-02
0.000000000E+00
0.000000000E+00
0.000000000E+00
1.091218291E-02
0.000000000E+00
0.000000000E+00
0.000000000E+00
0.000000000E+00
0.000000000E+00
0.000000000E+00
-1.090413639E-02
0.000000000E+00
0.000000000E+00
0.000000000E+00
-5.128441480E-01
0.000000000E+00
0.000000000E+00
1.090413639E-02
0.000000000E+00
0.000000000E+00
0.000000000E+00
5.128441480E-01
0.000000000E+00
1.090413639E-02
0.000000000E+00
6.278961246E-02
0.000000000E+00
5.128441480E-01
0.000000000E+00
1.091218291E-02
0.000000000E+00
