(Symbol 4jj);
($Id:$);
(PHYSICAL);
(RESOLUTION 1000);
9 4jj;
DS 0 1 1;
DF;
E
(ELECTRICAL);
(RESOLUTION 1000);
5 10 9 1 -5000:-9000 -20000:0 - 0 0 0 ?;
5 10 3 0 -5000:-9000 20000:10000 + 0 0 0 ?;
5 18 1
  L SCED:
  W 0 -9000 7000 -9000 10000:
  W 0 -9000 3000 -9000 0:
  L ETC1:
  B 4000 4000 -9000 5000:
  W 0 -11000 7000 -7000 3000:
  W 0 -11000 3000 -7000 7000:
;
5 11 X 0 subckt;
5 3 jjarea=1;
9 4jj;
DS 0 1 1;
(SymbolCall jj);
5 10 1 2 -6000 18000;
5 10 2 1 -5000 10000 B0- 0 0 0 ?;
5 10 3 0 -5000 20000 B0+ 0 0 0 ?;
5 1 jjr;
5 3 area=jjarea;
5 11 B 0;
1 Bound -6500 10000 -3500 20000;
9 jj;
C 0 T -6000 10000;
(SymbolCall jj);
5 10 8 2 -6000 -12000;
5 10 9 1 -5000 -20000 B3- 0 0 0 ?;
5 10 7 0 -5000 -10000 B3+ 0 0 0 ?;
5 1 jjr;
5 3 area=jjarea;
5 11 B 3;
1 Bound -6500 -20000 -3500 -10000;
9 jj;
C 0 T -6000 -20000;
(SymbolCall jj);
5 10 6 2 -6000 -2000;
5 10 7 1 -5000 -10000 B2- 0 0 0 ?;
5 10 5 0 -5000 0 B2+ 0 0 0 ?;
5 1 jjr;
5 3 area=jjarea;
5 11 B 2;
1 Bound -6500 -10000 -3500 0;
9 jj;
C 0 T -6000 -10000;
(SymbolCall jj);
5 10 4 2 -6000 8000;
5 10 5 1 -5000 0 B1- 0 0 0 ?;
5 10 2 0 -5000 10000 B1+ 0 0 0 ?;
5 1 jjr;
5 3 area=jjarea;
5 11 B 1;
1 Bound -6500 0 -3500 10000;
9 jj;
C 0 T -6000 0;
L NAME;
5 16 B 0 11;
94 <<B0>> -6750 15000 64 1275 1000;
5 16 B 1 11;
94 <<B1>> -6750 5000 64 1050 1000;
5 16 B 2 11;
94 <<B2>> -6750 -5000 64 1275 1000;
5 16 B 3 11;
94 <<B3>> -6750 -15000 64 1275 1000;
L MODL;
5 16 B 0 1;
94 <<jjr>> -3250 15250 0 1725 1000;
5 16 B 1 1;
94 <<jjr>> -3250 5250 0 1725 1000;
5 16 B 2 1;
94 <<jjr>> -3250 -4750 0 1725 1000;
5 16 B 3 1;
94 <<jjr>> -3250 -14750 0 1725 1000;
L PARM;
5 16 B 0 3;
94 <<area=jjarea>> -3250 13750 0 6450 1000;
5 16 B 1 3;
94 <<area=jjarea>> -3250 3750 0 6450 1000;
5 16 B 2 3;
94 <<area=jjarea>> -3250 -6250 0 6450 1000;
5 16 B 3 3;
94 <<area=jjarea>> -3250 -16250 0 6450 1000;
DF;
E
