(Symbol cel);
($Id:$);
(xic 3.2.2 FreeBSD7 12/18/2009 01:48 GMT);
(PHYSICAL);
(RESOLUTION 1000);
( CREATED 12/18/2009 1:48:47, MODIFIED 12/18/2009 1:48:47 );
9 cel;
DS 0 1 1;
DF;
E
(ELECTRICAL);
(RESOLUTION 1000);
5 10 1 3 -2000:-1000 21000:-4000 vbias 0 0 0 ?;
5 10 7 2 20000:5000 16000:-8000 out 0 0 0 ?;
5 10 3 1 -33000:-6000 -14000:-12000 B 0 0 0 ?;
5 10 6 0 -33000:-6000 7000:-7000 A 0 0 0 ?;
5 18 1
  L SCED:
  W 0 -1000 -5000 -1000 -4000:
  W 0 -6000 -7000 -5000 -7000:
  W 0 4000 -8000 5000 -8000:
  W 0 -6000 -12000 -5000 -12000:
  L ETC1:
  B 9000 9000 -500 -9500:
  L ETC2:
  94 <<C-ELT>> -4000 -11000 0 7667 2618:
  L VALU:
  94 <<vbias>> -2000 -6000 0 2336 884:
  94 <<A>> -5000 -7000 0 587 913:
  94 <<out>> 2000 -8000 0 1565 913:
  94 <<B>> -5000 -12000 0 587 913:
;
5 11 X 0 subckt;
9 cel;
DS 0 1 1;
(SymbolCall ind2);
5 10 2 0 -2000 -14000 LT7_0 0 0 0 ?;
5 10 4 1 6000 -14000 LT7_1 0 0 0 ?;
5 15 -1000 -13000 1 0;
5 2 3.29pH;
5 11 LT 7;
1 Bound -2000 -14000 6000 -12750;
( Rotate 90 );
9 ind2;
C 0 R 0 1 T 8000 -15000;
(SymbolCall ind2);
5 10 3 0 -28000 -14000 LT5_0 0 0 0 ?;
5 10 9 1 -20000 -14000 LT5_1 0 0 0 ?;
5 15 -27000 -13000 1 0;
5 11 LT 5;
5 2 2.13pH;
1 Bound -28000 -14000 -20000 -12750;
( Rotate 90 );
9 ind2;
C 0 R 0 1 T -18000 -15000;
(SymbolCall ind2);
5 10 11 0 -20000 7000 LT2_0 0 0 0 ?;
5 10 10 1 -12000 7000 LT2_1 0 0 0 ?;
5 15 -19000 8000 1 0;
5 11 LT 2;
5 2 3.29pH;
1 Bound -20000 7000 -12000 8250;
( Rotate 90 );
9 ind2;
C 0 R 0 1 T -10000 6000;
(SymbolCall ind2);
5 10 9 0 -20000 -14000 LT6_0 0 0 0 ?;
5 10 8 1 -12000 -14000 LT6_1 0 0 0 ?;
5 15 -19000 -13000 1 0;
5 11 LT 6;
5 2 3.29pH;
1 Bound -20000 -14000 -12000 -12750;
( Rotate 90 );
9 ind2;
C 0 R 0 1 T -10000 -15000;
(SymbolCall ind2);
5 10 6 0 -28000 7000 LT1_0 0 0 0 ?;
5 10 11 1 -20000 7000 LT1_1 0 0 0 ?;
5 15 -27000 8000 1 0;
5 11 LT 1;
5 2 2.13pH;
1 Bound -28000 7000 -20000 8250;
( Rotate 90 );
9 ind2;
C 0 R 0 1 T -18000 6000;
(SymbolCall ind2);
5 10 7 0 13000 16000 LT0_0 0 0 0 ?;
5 10 12 1 13000 8000 LT0_1 0 0 0 ?;
5 15 12000 15000 0 -1;
5 2 2.32pH;
5 11 LT 0;
1 Bound 11750 8000 13000 16000;
( Rotate 180 );
9 ind2;
C 0 MY R -1 0 T 14000 6000;
(SymbolCall ind2);
5 10 12 0 13000 8000 LT4_0 0 0 0 ?;
5 10 4 1 13000 0 LT4_1 0 0 0 ?;
5 15 12000 7000 0 -1;
5 2 3.0pH;
5 11 LT 4;
1 Bound 11750 0 13000 8000;
( Rotate 180 );
9 ind2;
C 0 MY R -1 0 T 14000 -2000;
(SymbolCall ind2);
5 10 5 0 -2000 7000 LT3_0 0 0 0 ?;
5 10 4 1 6000 7000 LT3_1 0 0 0 ?;
5 15 -1000 8000 1 0;
5 11 LT 3;
5 2 3.29pH;
1 Bound -2000 7000 6000 8250;
( Rotate 90 );
9 ind2;
C 0 R 0 1 T 8000 6000;
(SymbolCall jj);
5 10 15 2 12000 -7000;
5 10 0 1 13000 -15000 B3- 0 0 0 ?;
5 10 4 0 13000 -5000 B3+ 0 0 0 ?;
5 3 area=.36;
5 1 jjr;
5 11 B 3;
1 Bound 11500 -15000 14500 -5000;
9 jj;
C 0 T 12000 -15000;
(SymbolCall jj);
5 10 16 2 -13000 5000;
5 10 0 1 -12000 -3000 B2- 0 0 0 ?;
5 10 10 0 -12000 7000 B2+ 0 0 0 ?;
5 11 B 2;
5 3 area=.26;
5 1 jjr;
1 Bound -13500 -3000 -10500 7000;
9 jj;
C 0 T -13000 -3000;
(SymbolCall jj);
5 10 13 2 -13000 -16000;
5 10 0 1 -12000 -24000 B5- 0 0 0 ?;
5 10 8 0 -12000 -14000 B5+ 0 0 0 ?;
5 11 B 5;
5 1 jjr;
5 3 area=.26;
1 Bound -13500 -24000 -10500 -14000;
9 jj;
C 0 T -13000 -24000;
(SymbolCall jj);
5 10 14 2 -21000 -16000;
5 10 0 1 -20000 -24000 B4- 0 0 0 ?;
5 10 9 0 -20000 -14000 B4+ 0 0 0 ?;
5 3 area=.19;
5 11 B 4;
5 1 jjr;
1 Bound -21500 -24000 -18500 -14000;
9 jj;
C 0 T -21000 -24000;
(SymbolCall jj);
5 10 18 2 15000 9000;
5 10 0 1 23000 8000 B0- 0 0 0 ?;
5 10 12 0 13000 8000 B0+ 0 0 0 ?;
5 3 area=.36;
5 1 jjr;
5 11 B 0;
1 Bound 13000 6500 23000 9500;
( Rotate 270 );
9 jj;
C 0 MY R 0 -1 T 23000 9000;
(SymbolCall jj);
5 10 17 2 -21000 5000;
5 10 0 1 -20000 -3000 B1- 0 0 0 ?;
5 10 11 0 -20000 7000 B1+ 0 0 0 ?;
5 3 area=.19;
5 11 B 1;
5 1 jjr;
1 Bound -21500 -3000 -18500 7000;
9 jj;
C 0 T -21000 -3000;
(SymbolCall vcc);
5 10 1 0 -2000 0;
5 11 @ 2;
1 Bound -3000 0 -1000 2200;
9 vcc;
C 0 T -2000 0;
(SymbolCall vcc);
5 10 1 0 -28000 0;
5 11 @ 1;
1 Bound -29000 0 -27000 2200;
9 vcc;
C 0 T -28000 0;
(SymbolCall vcc);
5 10 1 0 -28000 21000;
5 11 @ 0;
1 Bound -29000 21000 -27000 23200;
9 vcc;
C 0 T -28000 21000;
(SymbolCall ind);
5 2 1.42pH;
5 10 5 1 -2000 7000 L0- 0 0 0 ?;
5 10 10 0 -12000 7000 L0+ 0 0 0 ?;
5 15 -11000 8000 1 0;
5 11 L 0;
1 Bound -12000 7000 -2000 8500;
( Rotate 90 );
9 ind;
C 0 R 0 1 T -2000 6000;
(SymbolCall ind);
5 2 1.42pH;
5 10 2 1 -2000 -14000 L1- 0 0 0 ?;
5 10 8 0 -12000 -14000 L1+ 0 0 0 ?;
5 15 -11000 -13000 1 0;
5 11 L 1;
1 Bound -12000 -14000 -2000 -12500;
( Rotate 90 );
9 ind;
C 0 R 0 1 T -2000 -15000;
(SymbolCall res);
5 10 7 1 8000 21000 R0- 0 0 0 ?;
5 10 1 0 -2000 21000 R0+ 0 0 0 ?;
5 15 -1000 20000 1 0 "<v>/<value>O";
5 2 57;
5 11 R 0;
1 Bound -2000 19750 8000 22000;
( Rotate 90 );
9 res;
C 0 R 0 1 T -2000 21000;
(SymbolCall res);
5 10 5 1 -2000 11000 R2- 0 0 0 ?;
5 10 1 0 -2000 21000 R2+ 0 0 0 ?;
5 15 -3000 20000 0 -1 "<v>/<value>O";
5 2 56;
5 11 R 2;
1 Bound -3250 11000 -1000 21000;
9 res;
C 0 T -2000 21000;
(SymbolCall res);
5 10 2 1 -2000 -10000 R4- 0 0 0 ?;
5 10 1 0 -2000 0 R4+ 0 0 0 ?;
5 15 -3000 -1000 0 -1 "<v>/<value>O";
5 2 56;
5 11 R 4;
1 Bound -3250 -10000 -1000 0;
9 res;
C 0 T -2000 0;
(SymbolCall res);
5 10 6 1 -28000 11000 R1- 0 0 0 ?;
5 10 1 0 -28000 21000 R1+ 0 0 0 ?;
5 15 -29000 20000 0 -1 "<v>/<value>O";
5 2 57;
5 11 R 1;
1 Bound -29250 11000 -27000 21000;
9 res;
C 0 T -28000 21000;
(SymbolCall res);
5 10 3 1 -28000 -10000 R3- 0 0 0 ?;
5 10 1 0 -28000 0 R3+ 0 0 0 ?;
5 15 -29000 -1000 0 -1 "<v>/<value>O";
5 2 57;
5 11 R 3;
1 Bound -29250 -10000 -27000 0;
9 res;
C 0 T -28000 0;
(SymbolCall gnd);
5 10 0 0 23000 8000;
1 Bound 23000 7000 25600 9000;
( Rotate 270 );
9 gnd;
C 0 MY R 0 -1 T 24000 9000;
(SymbolCall gnd);
5 10 0 0 -20000 -3000;
1 Bound -21000 -5600 -19000 -3000;
9 gnd;
C 0 T -21000 -4000;
(SymbolCall gnd);
5 10 0 0 -12000 -3000;
1 Bound -13000 -5600 -11000 -3000;
9 gnd;
C 0 T -13000 -4000;
(SymbolCall gnd);
5 10 0 0 13000 -15000;
1 Bound 12000 -17600 14000 -15000;
9 gnd;
C 0 T 12000 -16000;
(SymbolCall gnd);
5 10 0 0 -20000 -24000;
1 Bound -21000 -26600 -19000 -24000;
9 gnd;
C 0 T -21000 -25000;
(SymbolCall gnd);
5 10 0 0 -12000 -24000;
1 Bound -13000 -26600 -11000 -24000;
9 gnd;
C 0 T -13000 -25000;
L SCED;
5 10 1 0 0 0;
W2 0 -28000 21000 -2000 21000;
5 10 7 0 0 0;
W2 0 20000 16000 13000 16000 8000 16000 8000 21000;
5 10 6 0 0 0;
W2 0 -28000 11000 -28000 7000 -33000 7000;
5 10 5 0 0 0;
W2 0 -2000 11000 -2000 7000;
5 10 4 0 0 0;
W2 0 6000 7000 6000 -5000 6000 -14000;
5 10 4 0 0 0;
W2 0 13000 0 13000 -5000 6000 -5000;
5 10 3 0 0 0;
W2 0 -28000 -10000 -28000 -14000 -33000 -14000;
5 10 2 0 0 0;
W2 0 -2000 -10000 -2000 -14000;
L ETC1;
94 <<.175mA>> 9000 20000 0 7257 2478;
94 <<Out>> 17000 13000 0 4248 2478;
94 <<.175mA>> -27000 14000 4 7257 2478;
94 <<.176mA>> -10000 10000 0 7257 2478;
94 <<A>> -33000 2000 0 2250 3500;
94 <<.175mA>> -27000 -7000 4 7257 2478;
94 <<.176mA>> -10000 -11000 0 7257 2478;
94 <<B>> -33000 -19000 0 2250 3500;
L NAME;
5 16 R 0 11;
94 <<R0>> -1750 22250 0 1275 1000;
5 16 R 1 11;
94 <<R1>> -29500 16000 64 1050 1000;
5 16 R 2 11;
94 <<R2>> -3500 16000 64 1275 1000;
5 16 LT 0 11;
94 <<LT0>> 11500 12000 64 1875 1000;
5 16 B 0 11;
94 <<B0>> 13250 9750 0 1275 1000;
5 16 L 0 11;
94 <<L0>> -11750 8750 0 1275 1000;
5 16 LT 1 11;
94 <<LT1>> -27750 8500 0 1650 1000;
5 16 LT 2 11;
94 <<LT2>> -19750 8500 0 1875 1000;
5 16 LT 3 11;
94 <<LT3>> -1750 8500 0 1875 1000;
5 16 LT 4 11;
94 <<LT4>> 11500 4000 64 1875 1000;
5 16 B 1 11;
94 <<B1>> -21750 2000 64 1050 1000;
5 16 B 2 11;
94 <<B2>> -13750 2000 64 1275 1000;
5 16 R 3 11;
94 <<R3>> -29500 -5000 64 1275 1000;
5 16 R 4 11;
94 <<R4>> -3500 -5000 64 1275 1000;
5 16 B 3 11;
94 <<B3>> 11250 -10000 64 1275 1000;
5 16 L 1 11;
94 <<L1>> -11750 -12250 0 1050 1000;
5 16 LT 5 11;
94 <<LT5>> -27750 -12500 0 1875 1000;
5 16 LT 6 11;
94 <<LT6>> -19750 -12500 0 1875 1000;
5 16 LT 7 11;
94 <<LT7>> -1750 -12500 0 1875 1000;
5 16 B 4 11;
94 <<B4>> -21750 -19000 64 1275 1000;
5 16 B 5 11;
94 <<B5>> -13750 -19000 64 1275 1000;
L MODL;
5 16 B 0 1;
94 <<jjr>> 22750 5250 64 1725 1000;
5 16 B 1 1;
94 <<jjr>> -18250 2250 0 1725 1000;
5 16 B 2 1;
94 <<jjr>> -10250 2250 0 1725 1000;
5 16 B 3 1;
94 <<jjr>> 14750 -9750 0 1725 1000;
5 16 B 4 1;
94 <<jjr>> -18250 -18750 0 1725 1000;
5 16 B 5 1;
94 <<jjr>> -10250 -18750 0 1725 1000;
L VALU;
5 16 R 0 2;
94 <<57>> 7750 18500 64 1275 1000;
5 16 R 1 2;
94 <<57>> -26750 16250 0 1275 1000;
5 16 R 2 2;
94 <<56>> -750 16250 0 1275 1000;
5 16 LT 0 2;
94 <<2.32pH>> 13250 12250 0 3300 1000;
5 16 LT 1 2;
94 <<2.13pH>> -20250 5750 64 3075 1000;
5 16 LT 2 2;
94 <<3.29pH>> -12250 5750 64 3300 1000;
5 16 L 0 2;
94 <<1.42pH>> -2250 5750 64 3075 1000;
5 16 LT 3 2;
94 <<3.29pH>> 5750 5750 64 3300 1000;
5 16 LT 4 2;
94 <<3.0pH>> 13250 4250 0 2700 1000;
5 16 R 3 2;
94 <<57>> -26750 -4750 0 1275 1000;
5 16 R 4 2;
94 <<56>> -750 -4750 0 1275 1000;
5 16 LT 5 2;
94 <<2.13pH>> -20250 -15250 64 3075 1000;
5 16 LT 6 2;
94 <<3.29pH>> -12250 -15250 64 3300 1000;
5 16 L 1 2;
94 <<1.42pH>> -2250 -15250 64 3075 1000;
5 16 LT 7 2;
94 <<3.29pH>> 5750 -15250 64 3300 1000;
L PARM;
5 16 B 0 3;
94 <<area=.36>> 15250 5250 0 4425 1000;
5 16 B 1 3;
94 <<area=.19>> -18250 750 0 4200 1000;
5 16 B 2 3;
94 <<area=.26>> -10250 750 0 4425 1000;
5 16 B 3 3;
94 <<area=.36>> 14750 -11250 0 4425 1000;
5 16 B 4 3;
94 <<area=.19>> -18250 -20250 0 4200 1000;
5 16 B 5 3;
94 <<area=.26>> -10250 -20250 0 4425 1000;
L NODE;
5 16 @ 0 11;
94 <<vbias>> -28750 23450 0 2775 1000;
5 16 @ 1 11;
94 <<vbias>> -28750 2450 0 2775 1000;
5 16 @ 2 11;
94 <<vbias>> -2750 2450 0 2775 1000;
DF;
E
