(Symbol cnot);
($Id:$);
(xic 3.2.2 FreeBSD7 12/18/2009 02:00 GMT);
(PHYSICAL);
(RESOLUTION 1000);
( CREATED 12/18/2009 2:0:38, MODIFIED 12/18/2009 2:0:38 );
9 cnot;
DS 0 1 1;
DF;
E
(ELECTRICAL);
(RESOLUTION 1000);
5 10 1 3 -1000:-4000 21000:-4000 vbias 0 0 0 ?;
5 10 7 2 20000:6000 16000:-7000 out 0 0 0 ?;
5 10 3 1 -32000:-12000 -14000:-10000 B 0 0 0 ?;
5 10 6 0 -32000:-12000 7000:-7000 A 0 0 0 ?;
5 18 1
  L SCED:
  W 0 -4000 -5000 -4000 -4000:
  W 0 -11000 -7000 -12000 -7000:
  W 0 5000 -7000 6000 -7000:
  W 0 -11000 -10000 -12000 -10000:
  L ETC1:
  B 16000 7000 -3000 -8500:
  L ETC2:
  94 <<CNOT-ELT>> -9000 -10000 0 12155 2618:
  L VALU:
  94 <<vbias>> -5000 -7000 0 3264 1235:
  94 <<in1>> -11000 -8000 0 1610 1252:
  94 <<out>> 3000 -8000 0 2147 1252:
  94 <<in2>> -11000 -11000 0 1878 1252:
;
5 11 X 0 subckt;
9 cnot;
DS 0 1 1;
(SymbolCall ind2);
5 10 12 0 13000 8000 LT4_0 0 0 0 ?;
5 10 4 1 13000 0 LT4_1 0 0 0 ?;
5 15 12000 7000 0 -1;
5 2 5.98pH;
5 11 LT 4;
1 Bound 11750 0 13000 8000;
( Rotate 180 );
9 ind2;
C 0 MY R -1 0 T 14000 -2000;
(SymbolCall ind2);
5 10 5 0 -1000 7000 LT3_0 0 0 0 ?;
5 10 4 1 7000 7000 LT3_1 0 0 0 ?;
5 15 0 8000 1 0;
5 11 LT 3;
5 2 4.19pH;
1 Bound -1000 7000 7000 8250;
( Rotate 90 );
9 ind2;
C 0 R 0 1 T 9000 6000;
(SymbolCall ind2);
5 10 3 0 -27000 -14000 LT5_0 0 0 0 ?;
5 10 9 1 -19000 -14000 LT5_1 0 0 0 ?;
5 15 -26000 -13000 1 0;
5 11 LT 5;
5 2 2.21pH;
1 Bound -27000 -14000 -19000 -12750;
( Rotate 90 );
9 ind2;
C 0 R 0 1 T -17000 -15000;
(SymbolCall ind2);
5 10 11 0 -19000 7000 LT2_0 0 0 0 ?;
5 10 10 1 -11000 7000 LT2_1 0 0 0 ?;
5 15 -18000 8000 1 0;
5 2 2.5pH;
5 11 LT 2;
1 Bound -19000 7000 -11000 8250;
( Rotate 90 );
9 ind2;
C 0 R 0 1 T -9000 6000;
(SymbolCall ind2);
5 10 9 0 -19000 -14000 LT6_0 0 0 0 ?;
5 10 8 1 -11000 -14000 LT6_1 0 0 0 ?;
5 15 -18000 -13000 1 0;
5 11 LT 6;
5 2 2.5pH;
1 Bound -19000 -14000 -11000 -12750;
( Rotate 90 );
9 ind2;
C 0 R 0 1 T -9000 -15000;
(SymbolCall ind2);
5 10 2 0 -1000 -14000 LT7_0 0 0 0 ?;
5 10 4 1 7000 -14000 LT7_1 0 0 0 ?;
5 15 0 -13000 1 0;
5 11 LT 7;
5 2 4.19pH;
1 Bound -1000 -14000 7000 -12750;
( Rotate 90 );
9 ind2;
C 0 R 0 1 T 9000 -15000;
(SymbolCall ind2);
5 10 7 0 13000 16000 LT0_0 0 0 0 ?;
5 10 12 1 13000 8000 LT0_1 0 0 0 ?;
5 15 12000 15000 0 -1;
5 2 1.90pH;
5 11 LT 0;
1 Bound 11750 8000 13000 16000;
( Rotate 180 );
9 ind2;
C 0 MY R -1 0 T 14000 6000;
(SymbolCall ind2);
5 10 6 0 -27000 7000 LT1_0 0 0 0 ?;
5 10 11 1 -19000 7000 LT1_1 0 0 0 ?;
5 15 -26000 8000 1 0;
5 2 2.21pH;
5 11 LT 1;
1 Bound -27000 7000 -19000 8250;
( Rotate 90 );
9 ind2;
C 0 R 0 1 T -17000 6000;
(SymbolCall jj);
5 10 14 2 -20000 -16000;
5 10 0 1 -19000 -24000 B4- 0 0 0 ?;
5 10 9 0 -19000 -14000 B4+ 0 0 0 ?;
5 11 B 4;
5 1 jjr;
5 3 area=.26;
1 Bound -20500 -24000 -17500 -14000;
9 jj;
C 0 T -20000 -24000;
(SymbolCall jj);
5 3 area=.34;
5 10 16 2 -12000 5000;
5 10 0 1 -11000 -3000 B2- 0 0 0 ?;
5 10 10 0 -11000 7000 B2+ 0 0 0 ?;
5 11 B 2;
5 1 jjr;
1 Bound -12500 -3000 -9500 7000;
9 jj;
C 0 T -12000 -3000;
(SymbolCall jj);
5 10 17 2 -20000 5000;
5 10 0 1 -19000 -3000 B1- 0 0 0 ?;
5 10 11 0 -19000 7000 B1+ 0 0 0 ?;
5 3 area=.26;
5 11 B 1;
5 1 jjr;
1 Bound -20500 -3000 -17500 7000;
9 jj;
C 0 T -20000 -3000;
(SymbolCall jj);
5 3 area=.22;
5 10 18 2 15000 9000;
5 10 0 1 23000 8000 B0- 0 0 0 ?;
5 10 12 0 13000 8000 B0+ 0 0 0 ?;
5 11 B 0;
5 1 jjr;
1 Bound 13000 6500 23000 9500;
( Rotate 270 );
9 jj;
C 0 MY R 0 -1 T 23000 9000;
(SymbolCall jj);
5 3 area=.18;
5 10 15 2 12000 -7000;
5 10 0 1 13000 -15000 B3- 0 0 0 ?;
5 10 4 0 13000 -5000 B3+ 0 0 0 ?;
5 11 B 3;
5 1 jjr;
1 Bound 11500 -15000 14500 -5000;
9 jj;
C 0 T 12000 -15000;
(SymbolCall jj);
5 3 area=.34;
5 10 13 2 -12000 -16000;
5 10 0 1 -11000 -24000 B5- 0 0 0 ?;
5 10 8 0 -11000 -14000 B5+ 0 0 0 ?;
5 11 B 5;
5 1 jjr;
1 Bound -12500 -24000 -9500 -14000;
9 jj;
C 0 T -12000 -24000;
(SymbolCall vcc);
5 10 1 0 -1000 0;
5 11 @ 2;
1 Bound -2000 0 0 2200;
9 vcc;
C 0 T -1000 0;
(SymbolCall vcc);
5 10 1 0 -27000 0;
5 11 @ 1;
1 Bound -28000 0 -26000 2200;
9 vcc;
C 0 T -27000 0;
(SymbolCall vcc);
5 10 1 0 -27000 21000;
5 11 @ 0;
1 Bound -28000 21000 -26000 23200;
9 vcc;
C 0 T -27000 21000;
(SymbolCall ind);
5 10 2 1 -1000 -14000 L1- 0 0 0 ?;
5 10 8 0 -11000 -14000 L1+ 0 0 0 ?;
5 15 -10000 -13000 1 0;
5 11 L 1;
5 2 5.64pH;
1 Bound -11000 -14000 -1000 -12500;
( Rotate 90 );
9 ind;
C 0 R 0 1 T -1000 -15000;
(SymbolCall ind);
5 10 5 1 -1000 7000 L0- 0 0 0 ?;
5 10 10 0 -11000 7000 L0+ 0 0 0 ?;
5 15 -10000 8000 1 0;
5 11 L 0;
5 2 5.64pH;
1 Bound -11000 7000 -1000 8500;
( Rotate 90 );
9 ind;
C 0 R 0 1 T -1000 6000;
(SymbolCall res);
5 10 7 1 9000 21000 R0- 0 0 0 ?;
5 10 1 0 -1000 21000 R0+ 0 0 0 ?;
5 15 0 20000 1 0 "<v>/<value>O";
5 2 57;
5 11 R 0;
1 Bound -1000 19750 9000 22000;
( Rotate 90 );
9 res;
C 0 R 0 1 T -1000 21000;
(SymbolCall res);
5 10 5 1 -1000 11000 R2- 0 0 0 ?;
5 10 1 0 -1000 21000 R2+ 0 0 0 ?;
5 15 -2000 20000 0 -1 "<v>/<value>O";
5 2 56;
5 11 R 2;
1 Bound -2250 11000 0 21000;
9 res;
C 0 T -1000 21000;
(SymbolCall res);
5 10 2 1 -1000 -10000 R4- 0 0 0 ?;
5 10 1 0 -1000 0 R4+ 0 0 0 ?;
5 15 -2000 -1000 0 -1 "<v>/<value>O";
5 2 56;
5 11 R 4;
1 Bound -2250 -10000 0 0;
9 res;
C 0 T -1000 0;
(SymbolCall res);
5 10 6 1 -27000 11000 R1- 0 0 0 ?;
5 10 1 0 -27000 21000 R1+ 0 0 0 ?;
5 15 -28000 20000 0 -1 "<v>/<value>O";
5 2 57;
5 11 R 1;
1 Bound -28250 11000 -26000 21000;
9 res;
C 0 T -27000 21000;
(SymbolCall res);
5 10 3 1 -27000 -10000 R3- 0 0 0 ?;
5 10 1 0 -27000 0 R3+ 0 0 0 ?;
5 15 -28000 -1000 0 -1 "<v>/<value>O";
5 2 57;
5 11 R 3;
1 Bound -28250 -10000 -26000 0;
9 res;
C 0 T -27000 0;
(SymbolCall gnd);
5 10 0 0 -11000 -3000;
1 Bound -12000 -5600 -10000 -3000;
9 gnd;
C 0 T -12000 -4000;
(SymbolCall gnd);
5 10 0 0 -19000 -24000;
1 Bound -20000 -26600 -18000 -24000;
9 gnd;
C 0 T -20000 -25000;
(SymbolCall gnd);
5 10 0 0 -11000 -24000;
1 Bound -12000 -26600 -10000 -24000;
9 gnd;
C 0 T -12000 -25000;
(SymbolCall gnd);
5 10 0 0 -19000 -3000;
1 Bound -20000 -5600 -18000 -3000;
9 gnd;
C 0 T -20000 -4000;
(SymbolCall gnd);
5 10 0 0 23000 8000;
1 Bound 23000 7000 25600 9000;
( Rotate 270 );
9 gnd;
C 0 MY R 0 -1 T 24000 9000;
(SymbolCall gnd);
5 10 0 0 13000 -15000;
1 Bound 12000 -17600 14000 -15000;
9 gnd;
C 0 T 12000 -16000;
L SCED;
5 10 1 0 0 0;
W2 0 -27000 21000 -1000 21000;
5 10 7 0 0 0;
W2 0 20000 16000 13000 16000 9000 16000 9000 21000;
5 10 6 0 0 0;
W2 0 -27000 11000 -27000 7000 -32000 7000;
5 10 5 0 0 0;
W2 0 -1000 11000 -1000 7000;
5 10 4 0 0 0;
W2 0 7000 7000 7000 -5000 7000 -14000;
5 10 4 0 0 0;
W2 0 13000 0 13000 -5000 7000 -5000;
5 10 3 0 0 0;
W2 0 -27000 -10000 -27000 -14000 -32000 -14000;
5 10 2 0 0 0;
W2 0 -1000 -10000 -1000 -14000;
L ETC1;
94 <<.175mA>> 10000 19000 0 7257 2478;
94 <<Out>> 17000 13000 0 4248 2478;
94 <<.175mA>> -25000 11000 0 7257 2478;
94 <<.176mA>> -2000 13000 2 7257 2478;
94 <<A>> -32000 2000 0 2250 3500;
94 <<.175mA>> -25000 -10000 0 7257 2478;
94 <<.176mA>> -2000 -8000 2 7257 2478;
94 <<B>> -32000 -19000 0 2250 3500;
L NAME;
5 16 R 0 11;
94 <<R0>> -750 22250 0 1275 1000;
5 16 R 1 11;
94 <<R1>> -28500 16000 64 1050 1000;
5 16 R 2 11;
94 <<R2>> -2500 16000 64 1275 1000;
5 16 LT 0 11;
94 <<LT0>> 11500 12000 64 1875 1000;
5 16 B 0 11;
94 <<B0>> 13250 9750 0 1275 1000;
5 16 L 0 11;
94 <<L0>> -10750 8750 0 1275 1000;
5 16 LT 1 11;
94 <<LT1>> -26750 8500 0 1650 1000;
5 16 LT 2 11;
94 <<LT2>> -18750 8500 0 1875 1000;
5 16 LT 3 11;
94 <<LT3>> -750 8500 0 1875 1000;
5 16 LT 4 11;
94 <<LT4>> 11500 4000 64 1875 1000;
5 16 B 1 11;
94 <<B1>> -20750 2000 64 1050 1000;
5 16 B 2 11;
94 <<B2>> -12750 2000 64 1275 1000;
5 16 R 3 11;
94 <<R3>> -28500 -5000 64 1275 1000;
5 16 R 4 11;
94 <<R4>> -2500 -5000 64 1275 1000;
5 16 B 3 11;
94 <<B3>> 11250 -10000 64 1275 1000;
5 16 L 1 11;
94 <<L1>> -10750 -12250 0 1050 1000;
5 16 LT 5 11;
94 <<LT5>> -26750 -12500 0 1875 1000;
5 16 LT 6 11;
94 <<LT6>> -18750 -12500 0 1875 1000;
5 16 LT 7 11;
94 <<LT7>> -750 -12500 0 1875 1000;
5 16 B 4 11;
94 <<B4>> -20750 -19000 64 1275 1000;
5 16 B 5 11;
94 <<B5>> -12750 -19000 64 1275 1000;
L MODL;
5 16 B 0 1;
94 <<jjr>> 22750 5250 64 1725 1000;
5 16 B 1 1;
94 <<jjr>> -17250 2250 0 1725 1000;
5 16 B 2 1;
94 <<jjr>> -9250 2250 0 1725 1000;
5 16 B 3 1;
94 <<jjr>> 14750 -9750 0 1725 1000;
5 16 B 4 1;
94 <<jjr>> -17250 -18750 0 1725 1000;
5 16 B 5 1;
94 <<jjr>> -9250 -18750 0 1725 1000;
L VALU;
5 16 R 0 2;
94 <<57>> 8750 18500 64 1275 1000;
5 16 R 1 2;
94 <<57>> -25750 16250 0 1275 1000;
5 16 R 2 2;
94 <<56>> 250 16250 0 1275 1000;
5 16 LT 0 2;
94 <<1.90pH>> 13250 12250 0 3075 1000;
5 16 LT 1 2;
94 <<2.21pH>> -19250 5750 64 3075 1000;
5 16 LT 2 2;
94 <<2.5pH>> -11250 5750 64 2700 1000;
5 16 L 0 2;
94 <<5.64pH>> -1250 5750 64 3300 1000;
5 16 LT 3 2;
94 <<4.19pH>> 6750 5750 64 3075 1000;
5 16 LT 4 2;
94 <<5.98pH>> 13250 4250 0 3300 1000;
5 16 R 3 2;
94 <<57>> -25750 -4750 0 1275 1000;
5 16 R 4 2;
94 <<56>> 250 -4750 0 1275 1000;
5 16 LT 5 2;
94 <<2.21pH>> -19250 -15250 64 3075 1000;
5 16 LT 6 2;
94 <<2.5pH>> -11250 -15250 64 2700 1000;
5 16 L 1 2;
94 <<5.64pH>> -1250 -15250 64 3300 1000;
5 16 LT 7 2;
94 <<4.19pH>> 6750 -15250 64 3075 1000;
L PARM;
5 16 B 0 3;
94 <<area=.22>> 15250 5250 0 4425 1000;
5 16 B 1 3;
94 <<area=.26>> -17250 750 0 4425 1000;
5 16 B 2 3;
94 <<area=.34>> -9250 750 0 4425 1000;
5 16 B 3 3;
94 <<area=.18>> 14750 -11250 0 4200 1000;
5 16 B 4 3;
94 <<area=.26>> -17250 -20250 0 4425 1000;
5 16 B 5 3;
94 <<area=.34>> -9250 -20250 0 4425 1000;
L NODE;
5 16 @ 0 11;
94 <<vbias>> -27750 23450 0 2775 1000;
5 16 @ 1 11;
94 <<vbias>> -27750 2450 0 2775 1000;
5 16 @ 2 11;
94 <<vbias>> -1750 2450 0 2775 1000;
DF;
E
