(Symbol dff2);
($Id:$);
(xic 3.2.2 FreeBSD7 12/17/2009 22:48 GMT);
(PHYSICAL);
(RESOLUTION 1000);
( CREATED 12/17/2009 22:48:18, MODIFIED 12/17/2009 22:48:18 );
9 dff2;
DS 0 1 1;
DF;
E
(ELECTRICAL);
(RESOLUTION 1000);
5 10 1 5 9000:-7000 -4000:-4000 vbias 0 0 0 ?;
5 10 6 4 -30000:-12000 -4000:-7000 D 0 0 0 ?;
5 10 24 3 25000:-2000 10000:-7000 O2 0 0 0 ?;
5 10 13 2 25000:-2000 -25000:-10000 O1 0 0 0 ?;
5 10 26 1 -30000:-12000 10000:-10000 C2 0 0 0 ?;
5 10 15 0 -30000:-12000 -25000:-13000 C1 0 0 0 ?;
5 18 1
  L SCED:
  W 0 -7000 -4000 -7000 -5000:
  W 0 -12000 -7000 -11000 -7000:
  W 0 -3000 -7000 -2000 -7000:
  W 0 -12000 -10000 -11000 -10000:
  W 0 -3000 -10000 -2000 -10000:
  W 0 -12000 -13000 -11000 -13000:
  L ETC1:
  B 8000 10000 -7000 -10000:
  L ETC2:
  94 <<DFF2>> -4000 -9000 64 5544 2352:
  L VALU:
  94 <<vbias>> -8000 -6000 0 2517 953:
  94 <<D>> -11000 -7000 0 612 953:
  94 <<O2>> -3000 -7000 64 1157 953:
  94 <<C2>> -11000 -10000 0 1157 953:
  94 <<O1>> -3000 -10000 64 953 953:
  94 <<C1>> -11000 -13000 0 953 953:
;
5 11 X 0 subckt;
9 dff2;
DS 0 1 1;
(SymbolCall vcc);
5 10 1 0 -30000 20000;
5 11 @ 0;
1 Bound -31000 20000 -29000 22200;
9 vcc;
C 0 T -30000 20000;
(SymbolCall vcc);
5 10 1 0 -27000 6000;
5 11 @ 2;
1 Bound -28000 6000 -26000 8200;
9 vcc;
C 0 T -27000 6000;
(SymbolCall vcc);
5 10 1 0 -30000 -15000;
5 11 @ 4;
1 Bound -31000 -15000 -29000 -12800;
9 vcc;
C 0 T -30000 -15000;
(SymbolCall vcc);
5 10 1 0 25000 -15000;
5 11 @ 5;
1 Bound 24000 -15000 26000 -12800;
9 vcc;
C 0 T 25000 -15000;
(SymbolCall vcc);
5 10 1 0 25000 20000;
5 11 @ 1;
1 Bound 24000 20000 26000 22200;
9 vcc;
C 0 T 25000 20000;
(SymbolCall vcc);
5 10 1 0 9000 -4000;
5 11 @ 3;
1 Bound 8000 -4000 10000 -1800;
9 vcc;
C 0 T 9000 -4000;
(SymbolCall gnd);
5 10 0 0 -22000 -39000;
1 Bound -23000 -41600 -21000 -39000;
9 gnd;
C 0 T -23000 -40000;
(SymbolCall gnd);
5 10 0 0 -19000 -18000;
1 Bound -20000 -20600 -18000 -18000;
9 gnd;
C 0 T -20000 -19000;
(SymbolCall gnd);
5 10 0 0 15000 24000;
1 Bound 14000 24000 16000 26600;
9 gnd;
C 0 MY T 14000 25000;
(SymbolCall gnd);
5 10 0 0 -22000 24000;
1 Bound -23000 24000 -21000 26600;
9 gnd;
C 0 MY T -23000 25000;
(SymbolCall gnd);
5 10 0 0 15000 -39000;
1 Bound 14000 -41600 16000 -39000;
9 gnd;
C 0 T 14000 -40000;
(SymbolCall gnd);
5 10 0 0 3000 -39000;
1 Bound 2000 -41600 4000 -39000;
9 gnd;
C 0 T 2000 -40000;
(SymbolCall gnd);
5 10 0 0 -11000 -18000;
1 Bound -12000 -20600 -10000 -18000;
9 gnd;
C 0 T -12000 -19000;
(SymbolCall gnd);
5 10 0 0 3000 24000;
1 Bound 2000 24000 4000 26600;
9 gnd;
C 0 MY T 2000 25000;
(SymbolCall ind1);
5 10 16 0 -1000 -8000 LP7_0 0 0 0 ?;
5 10 19 1 -1000 -4000 LP7_1 0 0 0 ?;
5 15 0 -8000 0 1;
5 2 0.13pH;
5 11 LP 7;
1 Bound -1000 -8000 250 -4000;
9 ind1;
C 0 MY T -2000 1000;
(SymbolCall ind1);
5 10 22 0 -1000 0 LP4_0 0 0 0 ?;
5 10 19 1 -1000 -4000 LP4_1 0 0 0 ?;
5 15 0 0 0 -1;
5 2 0.13pH;
5 11 LP 4;
1 Bound -1000 -4000 250 0;
9 ind1;
C 0 T -2000 -9000;
(SymbolCall ind1);
5 10 4 0 -22000 -25000 LP9_0 0 0 0 ?;
5 10 12 1 -22000 -29000 LP9_1 0 0 0 ?;
5 15 -21000 -25000 0 -1;
5 2 0.13pH;
5 11 LP 9;
1 Bound -22000 -29000 -20750 -25000;
9 ind1;
C 0 T -23000 -34000;
(SymbolCall ind1);
5 10 3 0 3000 -25000 LP10_0 0 0 0 ?;
5 10 11 1 3000 -29000 LP10_1 0 0 0 ?;
5 15 4000 -25000 0 -1;
5 11 LP 10;
5 2 0.13pH;
1 Bound 3000 -29000 4250 -25000;
9 ind1;
C 0 T 2000 -34000;
(SymbolCall ind1);
5 10 9 0 -22000 10000 LP0_0 0 0 0 ?;
5 10 29 1 -22000 14000 LP0_1 0 0 0 ?;
5 15 -21000 10000 0 1;
5 2 0.13pH;
5 11 LP 0;
1 Bound -22000 10000 -20750 14000;
9 ind1;
C 0 MY T -23000 19000;
(SymbolCall ind1);
5 10 20 0 -11000 -4000 LP6_0 0 0 0 ?;
5 10 17 1 -11000 -8000 LP6_1 0 0 0 ?;
5 15 -10000 -4000 0 -1;
5 2 0.13pH;
5 11 LP 6;
1 Bound -11000 -8000 -9750 -4000;
9 ind1;
C 0 T -12000 -13000;
(SymbolCall ind1);
5 10 21 0 -19000 -4000 LP5_0 0 0 0 ?;
5 10 18 1 -19000 -8000 LP5_1 0 0 0 ?;
5 15 -18000 -4000 0 -1;
5 2 0.13pH;
5 11 LP 5;
1 Bound -19000 -8000 -17750 -4000;
9 ind1;
C 0 T -20000 -13000;
(SymbolCall ind1);
5 10 23 0 -1000 10000 LP3_0 0 0 0 ?;
5 10 8 1 3000 10000 LP3_1 0 0 0 ?;
5 15 -1000 11000 1 0;
5 2 0.13pH;
5 11 LP 3;
1 Bound -1000 10000 3000 11250;
( Rotate 90 );
9 ind1;
C 0 R 0 1 T 8000 9000;
(SymbolCall ind1);
5 10 2 0 15000 -25000 LP11_0 0 0 0 ?;
5 10 10 1 15000 -29000 LP11_1 0 0 0 ?;
5 15 16000 -25000 0 -1;
5 2 0.13pH;
5 11 LP 11;
1 Bound 15000 -29000 16250 -25000;
9 ind1;
C 0 T 14000 -34000;
(SymbolCall ind1);
5 10 8 0 3000 10000 LP1_0 0 0 0 ?;
5 10 28 1 3000 14000 LP1_1 0 0 0 ?;
5 15 4000 10000 0 1;
5 2 0.13pH;
5 11 LP 1;
1 Bound 3000 10000 4250 14000;
9 ind1;
C 0 MY T 2000 19000;
(SymbolCall ind1);
5 10 7 0 15000 10000 LP2_0 0 0 0 ?;
5 10 27 1 15000 14000 LP2_1 0 0 0 ?;
5 15 16000 10000 0 1;
5 2 0.13pH;
5 11 LP 2;
1 Bound 15000 10000 16250 14000;
9 ind1;
C 0 MY T 14000 19000;
(SymbolCall ind1);
5 10 5 0 -1000 -25000 LP8_0 0 0 0 ?;
5 10 3 1 3000 -25000 LP8_1 0 0 0 ?;
5 15 -1000 -24000 1 0;
5 2 0.13pH;
5 11 LP 8;
1 Bound -1000 -25000 3000 -23750;
( Rotate 90 );
9 ind1;
C 0 R 0 1 T 8000 -26000;
(SymbolCall ind);
5 10 19 1 -1000 -4000 L0- 0 0 0 ?;
5 10 20 0 -11000 -4000 L0+ 0 0 0 ?;
5 15 -10000 -3000 1 0;
5 2 8.74pH;
5 11 L 0;
1 Bound -11000 -4000 -1000 -2500;
( Rotate 90 );
9 ind;
C 0 R 0 1 T -1000 -5000;
(SymbolCall res);
5 10 6 1 -27000 -4000 R2- 0 0 0 ?;
5 10 1 0 -27000 6000 R2+ 0 0 0 ?;
5 15 -28000 5000 0 -1 "<v>/<value>O";
5 2 56;
5 11 R 2;
1 Bound -28250 -4000 -26000 6000;
9 res;
C 0 T -27000 6000;
(SymbolCall res);
5 10 24 1 25000 10000 R1- 0 0 0 ?;
5 10 1 0 25000 20000 R1+ 0 0 0 ?;
5 15 24000 19000 0 -1 "<v>/<value>O";
5 2 56;
5 11 R 1;
1 Bound 23750 10000 26000 20000;
9 res;
C 0 T 25000 20000;
(SymbolCall res);
5 10 26 1 -30000 10000 R0- 0 0 0 ?;
5 10 1 0 -30000 20000 R0+ 0 0 0 ?;
5 15 -31000 19000 0 -1 "<v>/<value>O";
5 2 56;
5 11 R 0;
1 Bound -31250 10000 -29000 20000;
9 res;
C 0 T -30000 20000;
(SymbolCall res);
5 10 15 1 -30000 -25000 R4- 0 0 0 ?;
5 10 1 0 -30000 -15000 R4+ 0 0 0 ?;
5 15 -31000 -16000 0 -1 "<v>/<value>O";
5 2 56;
5 11 R 4;
1 Bound -31250 -25000 -29000 -15000;
9 res;
C 0 T -30000 -15000;
(SymbolCall res);
5 10 13 1 25000 -25000 R5- 0 0 0 ?;
5 10 1 0 25000 -15000 R5+ 0 0 0 ?;
5 15 24000 -16000 0 -1 "<v>/<value>O";
5 2 56;
5 11 R 5;
1 Bound 23750 -25000 26000 -15000;
9 res;
C 0 T 25000 -15000;
(SymbolCall res);
5 10 19 1 -1000 -4000 R3- 0 0 0 ?;
5 10 1 0 9000 -4000 R3+ 0 0 0 ?;
5 15 8000 -3000 -1 0 "<v>/<value>O";
5 11 R 3;
5 2 56;
1 Bound -1000 -5000 9000 -2750;
( Rotate 270 );
9 res;
C 0 R 0 -1 T 9000 -4000;
(SymbolCall jj);
5 10 39 2 14000 16000;
5 10 0 1 15000 24000 B2- 0 0 0 ?;
5 10 27 0 15000 14000 B2+ 0 0 0 ?;
5 1 jjr;
5 3 area=.22;
5 11 B 2;
1 Bound 13500 14000 16500 24000;
9 jj;
C 0 MY T 14000 24000;
(SymbolCall jj);
5 10 32 2 -23000 -31000;
5 10 0 1 -22000 -39000 B9- 0 0 0 ?;
5 10 12 0 -22000 -29000 B9+ 0 0 0 ?;
5 1 jjr;
5 3 area=.33;
5 11 B 9;
1 Bound -23500 -39000 -20500 -29000;
9 jj;
C 0 T -23000 -39000;
(SymbolCall jj);
5 10 31 2 2000 -31000;
5 10 0 1 3000 -39000 B10- 0 0 0 ?;
5 10 11 0 3000 -29000 B10+ 0 0 0 ?;
5 1 jjr;
5 3 area=.16;
5 11 B 10;
1 Bound 1500 -39000 4500 -29000;
9 jj;
C 0 T 2000 -39000;
(SymbolCall jj);
5 10 34 2 -2000 -10000;
5 10 5 1 -1000 -18000 B7- 0 0 0 ?;
5 10 16 0 -1000 -8000 B7+ 0 0 0 ?;
5 1 jjr;
5 3 area=.20;
5 11 B 7;
1 Bound -2500 -18000 500 -8000;
9 jj;
C 0 T -2000 -18000;
(SymbolCall jj);
5 10 41 2 -23000 16000;
5 10 0 1 -22000 24000 B0- 0 0 0 ?;
5 10 29 0 -22000 14000 B0+ 0 0 0 ?;
5 1 jjr;
5 3 area=.33;
5 11 B 0;
1 Bound -23500 14000 -20500 24000;
9 jj;
C 0 MY T -23000 24000;
(SymbolCall jj);
5 10 35 2 -12000 -10000;
5 10 0 1 -11000 -18000 B6- 0 0 0 ?;
5 10 17 0 -11000 -8000 B6+ 0 0 0 ?;
5 1 jjr;
5 3 area=.24;
5 11 B 6;
1 Bound -12500 -18000 -9500 -8000;
9 jj;
C 0 T -12000 -18000;
(SymbolCall jj);
5 10 30 2 14000 -31000;
5 10 0 1 15000 -39000 B11- 0 0 0 ?;
5 10 10 0 15000 -29000 B11+ 0 0 0 ?;
5 1 jjr;
5 3 area=.22;
5 11 B 11;
1 Bound 13500 -39000 16500 -29000;
9 jj;
C 0 T 14000 -39000;
(SymbolCall jj);
5 10 38 2 -9000 9000;
5 10 23 1 -1000 10000 B3- 0 0 0 ?;
5 10 25 0 -11000 10000 B3+ 0 0 0 ?;
5 1 jjr;
5 3 area=.16;
5 11 B 3;
1 Bound -11000 8500 -1000 11500;
( Rotate 90 );
9 jj;
C 0 R 0 1 T -1000 9000;
(SymbolCall jj);
5 10 37 2 -2000 8000;
5 10 22 1 -1000 0 B4- 0 0 0 ?;
5 10 23 0 -1000 10000 B4+ 0 0 0 ?;
5 1 jjr;
5 3 area=.20;
5 11 B 4;
1 Bound -2500 0 500 10000;
9 jj;
C 0 T -2000 0;
(SymbolCall jj);
5 10 36 2 -20000 -10000;
5 10 0 1 -19000 -18000 B5- 0 0 0 ?;
5 10 18 0 -19000 -8000 B5+ 0 0 0 ?;
5 1 jjr;
5 3 area=.22;
5 11 B 5;
1 Bound -20500 -18000 -17500 -8000;
9 jj;
C 0 T -20000 -18000;
(SymbolCall jj);
5 10 33 2 -9000 -26000;
5 10 5 1 -1000 -25000 B8- 0 0 0 ?;
5 10 14 0 -11000 -25000 B8+ 0 0 0 ?;
5 1 jjr;
5 3 area=.16;
5 11 B 8;
1 Bound -11000 -26500 -1000 -23500;
( Rotate 90 );
9 jj;
C 0 R 0 1 T -1000 -26000;
(SymbolCall jj);
5 10 40 2 2000 16000;
5 10 0 1 3000 24000 B1- 0 0 0 ?;
5 10 28 0 3000 14000 B1+ 0 0 0 ?;
5 1 jjr;
5 3 area=.16;
5 11 B 1;
1 Bound 1500 14000 4500 24000;
9 jj;
C 0 MY T 2000 24000;
(SymbolCall ind2);
5 10 3 0 7000 -25000 LT8_0 0 0 0 ?;
5 10 2 1 15000 -25000 LT8_1 0 0 0 ?;
5 15 8000 -24000 1 0;
5 2 6.08pH;
5 11 LT 8;
1 Bound 7000 -25000 15000 -23750;
( Rotate 90 );
9 ind2;
C 0 R 0 1 T 17000 -26000;
(SymbolCall ind2);
5 10 7 0 17000 10000 LT3_0 0 0 0 ?;
5 10 24 1 25000 10000 LT3_1 0 0 0 ?;
5 15 18000 11000 1 0;
5 2 1.68pH;
5 11 LT 3;
1 Bound 17000 10000 25000 11250;
( Rotate 90 );
9 ind2;
C 0 R 0 1 T 27000 9000;
(SymbolCall ind2);
5 10 9 0 -19000 10000 LT1_0 0 0 0 ?;
5 10 25 1 -11000 10000 LT1_1 0 0 0 ?;
5 15 -18000 11000 1 0;
5 2 4.20pH;
5 11 LT 1;
1 Bound -19000 10000 -11000 11250;
( Rotate 90 );
9 ind2;
C 0 R 0 1 T -9000 9000;
(SymbolCall ind2);
5 10 6 0 -27000 -4000 LT4_0 0 0 0 ?;
5 10 21 1 -19000 -4000 LT4_1 0 0 0 ?;
5 15 -26000 -3000 1 0;
5 2 1.50pH;
5 11 LT 4;
1 Bound -27000 -4000 -19000 -2750;
( Rotate 90 );
9 ind2;
C 0 R 0 1 T -17000 -5000;
(SymbolCall ind2);
5 10 2 0 17000 -25000 LT9_0 0 0 0 ?;
5 10 13 1 25000 -25000 LT9_1 0 0 0 ?;
5 15 18000 -24000 1 0;
5 2 1.68pH;
5 11 LT 9;
1 Bound 17000 -25000 25000 -23750;
( Rotate 90 );
9 ind2;
C 0 R 0 1 T 27000 -26000;
(SymbolCall ind2);
5 10 15 0 -30000 -25000 LT6_0 0 0 0 ?;
5 10 4 1 -22000 -25000 LT6_1 0 0 0 ?;
5 15 -29000 -24000 1 0;
5 2 2.12pH;
5 11 LT 6;
1 Bound -30000 -25000 -22000 -23750;
( Rotate 90 );
9 ind2;
C 0 R 0 1 T -20000 -26000;
(SymbolCall ind2);
5 10 4 0 -19000 -25000 LT7_0 0 0 0 ?;
5 10 14 1 -11000 -25000 LT7_1 0 0 0 ?;
5 15 -18000 -24000 1 0;
5 2 4.20pH;
5 11 LT 7;
1 Bound -19000 -25000 -11000 -23750;
( Rotate 90 );
9 ind2;
C 0 R 0 1 T -9000 -26000;
(SymbolCall ind2);
5 10 21 0 -19000 -4000 LT5_0 0 0 0 ?;
5 10 20 1 -11000 -4000 LT5_1 0 0 0 ?;
5 15 -18000 -3000 1 0;
5 2 3.54pH;
5 11 LT 5;
1 Bound -19000 -4000 -11000 -2750;
( Rotate 90 );
9 ind2;
C 0 R 0 1 T -9000 -5000;
(SymbolCall ind2);
5 10 8 0 7000 10000 LT2_0 0 0 0 ?;
5 10 7 1 15000 10000 LT2_1 0 0 0 ?;
5 15 8000 11000 1 0;
5 2 6.08pH;
5 11 LT 2;
1 Bound 7000 10000 15000 11250;
( Rotate 90 );
9 ind2;
C 0 R 0 1 T 17000 9000;
(SymbolCall ind2);
5 10 26 0 -30000 10000 LT0_0 0 0 0 ?;
5 10 9 1 -22000 10000 LT0_1 0 0 0 ?;
5 15 -29000 11000 1 0;
5 2 2.12pH;
5 11 LT 0;
1 Bound -30000 10000 -22000 11250;
( Rotate 90 );
9 ind2;
C 0 R 0 1 T -20000 9000;
L SCED;
5 10 9 0 0 0;
W2 0 -22000 10000 -19000 10000;
5 10 8 0 0 0;
W2 0 3000 10000 7000 10000;
5 10 7 0 0 0;
W2 0 15000 10000 17000 10000;
5 10 6 0 0 0;
W2 0 -27000 -4000 -30000 -4000;
5 10 5 0 0 0;
W2 0 -1000 -18000 -1000 -25000;
5 10 4 0 0 0;
W2 0 -22000 -25000 -19000 -25000;
5 10 3 0 0 0;
W2 0 3000 -25000 7000 -25000;
5 10 2 0 0 0;
W2 0 15000 -25000 17000 -25000;
L ETC1;
94 <<0.18mA>> -32000 24000 0 5447 1860;
94 <<0.18mA>> 17000 15000 0 5447 1860;
94 <<0.18mA>> -25000 4000 0 5447 1860;
94 <<0.18mA>> 3000 -9000 0 5447 1860;
94 <<0.18mA>> -28000 -15000 0 5447 1860;
94 <<0.18mA>> 17000 -17000 0 5447 1860;
L NAME;
5 16 B 0 11;
94 <<B0>> -23750 19000 64 1275 1000;
5 16 B 1 11;
94 <<B1>> 1250 19000 64 1050 1000;
5 16 B 2 11;
94 <<B2>> 13250 19000 64 1275 1000;
5 16 R 0 11;
94 <<R0>> -31500 15000 64 1275 1000;
5 16 R 1 11;
94 <<R1>> 23500 15000 64 1050 1000;
5 16 LP 0 11;
94 <<LP0>> -22250 12000 64 1875 1000;
5 16 LP 1 11;
94 <<LP1>> 2750 12000 64 1650 1000;
5 16 LP 2 11;
94 <<LP2>> 14750 12000 64 1875 1000;
5 16 B 3 11;
94 <<B3>> -10750 11750 0 1275 1000;
5 16 LT 0 11;
94 <<LT0>> -29750 11500 0 1875 1000;
5 16 LT 1 11;
94 <<LT1>> -18750 11500 0 1650 1000;
5 16 LP 3 11;
94 <<LP3>> -750 11500 0 1875 1000;
5 16 LT 2 11;
94 <<LT2>> 7250 11500 0 1875 1000;
5 16 LT 3 11;
94 <<LT3>> 17250 11500 0 1875 1000;
5 16 B 4 11;
94 <<B4>> -2750 5000 64 1275 1000;
5 16 R 2 11;
94 <<R2>> -28500 1000 64 1275 1000;
5 16 LP 4 11;
94 <<LP4>> -1250 -2000 64 1875 1000;
5 16 L 0 11;
94 <<L0>> -10750 -2250 0 1275 1000;
5 16 LT 4 11;
94 <<LT4>> -26750 -2500 0 1875 1000;
5 16 LT 5 11;
94 <<LT5>> -18750 -2500 0 1875 1000;
5 16 R 3 11;
94 <<R3>> 4250 -2500 0 1275 1000;
5 16 LP 5 11;
94 <<LP5>> -19250 -6000 64 1875 1000;
5 16 LP 6 11;
94 <<LP6>> -11250 -6000 64 1875 1000;
5 16 LP 7 11;
94 <<LP7>> -1250 -6000 64 1875 1000;
5 16 B 5 11;
94 <<B5>> -20750 -13000 64 1275 1000;
5 16 B 6 11;
94 <<B6>> -12750 -13000 64 1275 1000;
5 16 B 7 11;
94 <<B7>> -2750 -13000 64 1275 1000;
5 16 R 4 11;
94 <<R4>> -31500 -20000 64 1275 1000;
5 16 R 5 11;
94 <<R5>> 23500 -20000 64 1275 1000;
5 16 B 8 11;
94 <<B8>> -10750 -23250 0 1275 1000;
5 16 LT 6 11;
94 <<LT6>> -29750 -23500 0 1875 1000;
5 16 LT 7 11;
94 <<LT7>> -18750 -23500 0 1875 1000;
5 16 LP 8 11;
94 <<LP8>> -750 -23500 0 1875 1000;
5 16 LT 8 11;
94 <<LT8>> 7250 -23500 0 1875 1000;
5 16 LT 9 11;
94 <<LT9>> 17250 -23500 0 1875 1000;
5 16 LP 9 11;
94 <<LP9>> -22250 -27000 64 1875 1000;
5 16 LP 11 11;
94 <<LP11>> 14750 -27000 64 2025 1000;
5 16 LP 10 11;
94 <<LP10>> 2750 -28000 64 2250 1000;
5 16 B 9 11;
94 <<B9>> -23750 -34000 64 1275 1000;
5 16 B 10 11;
94 <<B10>> 1250 -34000 64 1650 1000;
5 16 B 11 11;
94 <<B11>> 13250 -34000 64 1425 1000;
L MODL;
5 16 B 0 1;
94 <<jjr>> -20250 19250 0 1725 1000;
5 16 B 1 1;
94 <<jjr>> 4750 19250 0 1725 1000;
5 16 B 2 1;
94 <<jjr>> 16750 19250 0 1725 1000;
5 16 B 3 1;
94 <<jjr>> -1250 7250 64 1725 1000;
5 16 B 4 1;
94 <<jjr>> 750 5250 0 1725 1000;
5 16 B 5 1;
94 <<jjr>> -17250 -12750 0 1725 1000;
5 16 B 6 1;
94 <<jjr>> -9250 -12750 0 1725 1000;
5 16 B 7 1;
94 <<jjr>> 750 -12750 0 1725 1000;
5 16 B 8 1;
94 <<jjr>> -1250 -27750 64 1725 1000;
5 16 B 9 1;
94 <<jjr>> -20250 -33750 0 1725 1000;
5 16 B 10 1;
94 <<jjr>> 4750 -33750 0 1725 1000;
5 16 B 11 1;
94 <<jjr>> 16750 -33750 0 1725 1000;
L VALU;
5 16 R 0 2;
94 <<56>> -28750 15250 0 1275 1000;
5 16 R 1 2;
94 <<56>> 26250 15250 0 1275 1000;
5 16 LP 0 2;
94 <<0.13pH>> -20500 12250 0 3075 1000;
5 16 LP 1 2;
94 <<0.13pH>> 4500 12250 0 3075 1000;
5 16 LP 2 2;
94 <<0.13pH>> 16500 12250 0 3075 1000;
5 16 LT 0 2;
94 <<2.12pH>> -24250 11750 64 3075 1000;
5 16 LT 1 2;
94 <<4.20pH>> -12250 8750 64 3300 1000;
5 16 LP 3 2;
94 <<0.13pH>> 2750 8750 64 3075 1000;
5 16 LT 2 2;
94 <<6.08pH>> 13750 8750 64 3300 1000;
5 16 LT 3 2;
94 <<1.68pH>> 24750 8750 64 3075 1000;
5 16 R 2 2;
94 <<56>> -25750 1250 0 1275 1000;
5 16 LP 4 2;
94 <<0.13pH>> 500 -1750 0 3075 1000;
5 16 LT 4 2;
94 <<1.50pH>> -21250 -5250 64 3075 1000;
5 16 LT 5 2;
94 <<3.54pH>> -13250 -5250 64 3300 1000;
5 16 L 0 2;
94 <<8.74pH>> -4250 -5250 64 3300 1000;
5 16 R 3 2;
94 <<56>> 8750 -6250 64 1275 1000;
5 16 LP 7 2;
94 <<0.13pH>> 500 -6750 0 3075 1000;
5 16 LP 5 2;
94 <<0.13pH>> -17500 -7750 0 3075 1000;
5 16 LP 6 2;
94 <<0.13pH>> -9500 -7750 0 3075 1000;
5 16 R 4 2;
94 <<56>> -28750 -19750 0 1275 1000;
5 16 R 5 2;
94 <<56>> 26250 -19750 0 1275 1000;
5 16 LT 6 2;
94 <<2.12pH>> -24250 -26250 64 3075 1000;
5 16 LT 7 2;
94 <<4.20pH>> -13250 -26250 64 3300 1000;
5 16 LP 8 2;
94 <<0.13pH>> 2750 -26250 64 3075 1000;
5 16 LT 8 2;
94 <<6.08pH>> 12750 -26250 64 3300 1000;
5 16 LT 9 2;
94 <<1.68pH>> 22750 -26250 64 3075 1000;
5 16 LP 9 2;
94 <<0.13pH>> -20500 -27750 0 3075 1000;
5 16 LP 10 2;
94 <<0.13pH>> 4500 -28750 0 3075 1000;
5 16 LP 11 2;
94 <<0.13pH>> 16500 -28750 0 3075 1000;
L PARM;
5 16 B 0 3;
94 <<area=.33>> -20250 17750 0 4425 1000;
5 16 B 1 3;
94 <<area=.16>> 4750 17750 0 4200 1000;
5 16 B 2 3;
94 <<area=.22>> 16750 17750 0 4425 1000;
5 16 B 3 3;
94 <<area=.16>> -10750 6250 0 4200 1000;
5 16 B 4 3;
94 <<area=.20>> 750 3750 0 4425 1000;
5 16 B 5 3;
94 <<area=.22>> -17250 -14250 0 4425 1000;
5 16 B 6 3;
94 <<area=.24>> -9250 -14250 0 4425 1000;
5 16 B 7 3;
94 <<area=.20>> 750 -14250 0 4425 1000;
5 16 B 8 3;
94 <<area=.16>> -10750 -28750 0 4200 1000;
5 16 B 9 3;
94 <<area=.33>> -20250 -35250 0 4425 1000;
5 16 B 10 3;
94 <<area=.16>> 4750 -35250 0 4200 1000;
5 16 B 11 3;
94 <<area=.22>> 16750 -35250 0 4425 1000;
L NODE;
5 16 @ 0 11;
94 <<vbias>> -30750 22450 0 2775 1000;
5 16 @ 1 11;
94 <<vbias>> 24250 22450 0 2775 1000;
5 16 @ 2 11;
94 <<vbias>> -27750 8450 0 2775 1000;
5 16 @ 3 11;
94 <<vbias>> 8250 -1550 0 2775 1000;
5 16 @ 4 11;
94 <<vbias>> -30750 -12550 0 2775 1000;
5 16 @ 5 11;
94 <<vbias>> 24250 -12550 0 2775 1000;
DF;
E
