(Symbol inv);
($Id:$);
(xic 3.2.2 FreeBSD7 12/16/2009 05:17 GMT);
(PHYSICAL);
(RESOLUTION 1000);
( CREATED 12/16/2009 5:17:13, MODIFIED 12/16/2009 5:17:13 );
9 inv;
DS 0 1 1;
DF;
E
(ELECTRICAL);
(RESOLUTION 1000);
5 10 1 3 -20000:-17000 29000:8000 vbias 0 0 0 ?;
5 10 28 2 50000:-8000 -5000:3000 _2 0 0 0 ?;
5 10 34 1 60000:-21000 15000:-1000 _1 0 0 0 ?;
5 10 36 0 -40000:-21000 15000:3000 _0 0 0 0 ?;
5 18 1
  L SCED:
  W 0 -17000 7000 -17000 8000:
  W 0 -20000 3000 -21000 3000:
  W 0 -10000 3000 -8000 3000:
  W 0 -21000 -1000 -20000 -1000:
  L ETC1:
  P -20000 -3000 -20000 9000 -10000 3000 -20000 -3000:
  P -10000 3778 -9481 3519 -9222 3000 -9481 2481 -10000 2222 -10519 2481
 -10778 3000 -10519 3519 -10000 3778:
  L VALU:
  94 <<vbias>> -19000 4000 0 5143 1946:
  94 <<in>> -20000 2000 0 2184 2352:
  94 <<out>> -16000 2000 0 4032 2352:
  94 <<t>> -20000 -2000 0 1344 2352:
;
5 11 X 0 subckt;
9 inv;
DS 0 1 1;
(SymbolCall ind1);
5 10 10 0 -10000 5000 LP4_0 0 0 0 ?;
5 10 0 1 -10000 1000 LP4_1 0 0 0 ?;
5 15 -9000 5000 0 -1;
5 2 .09pH;
5 11 LP 4;
1 Bound -10000 1000 -8750 5000;
9 ind1;
C 0 T -11000 -4000;
(SymbolCall ind1);
5 10 3 0 40000 -15000 LP8_0 0 0 0 ?;
5 10 0 1 40000 -19000 LP8_1 0 0 0 ?;
5 15 41000 -15000 0 -1;
5 2 .03pH;
5 11 LP 8;
1 Bound 40000 -19000 41250 -15000;
9 ind1;
C 0 T 39000 -24000;
(SymbolCall ind1);
5 10 4 0 20000 -15000 LP7_0 0 0 0 ?;
5 10 0 1 20000 -19000 LP7_1 0 0 0 ?;
5 15 21000 -15000 0 -1;
5 2 .145pH;
5 11 LP 7;
1 Bound 20000 -19000 21250 -15000;
9 ind1;
C 0 T 19000 -24000;
(SymbolCall ind1);
5 10 23 0 40000 19000 LP2_0 0 0 0 ?;
5 10 19 1 40000 15000 LP2_1 0 0 0 ?;
5 15 39000 19000 0 -1;
5 2 .33pH;
5 11 LP 2;
1 Bound 38750 15000 40000 19000;
( Rotate 180 );
9 ind1;
C 0 MY R -1 0 T 41000 10000;
(SymbolCall ind1);
5 10 11 0 -30000 5000 LP3_0 0 0 0 ?;
5 10 0 1 -30000 1000 LP3_1 0 0 0 ?;
5 15 -29000 5000 0 -1;
5 2 .03pH;
5 11 LP 3;
1 Bound -30000 1000 -28750 5000;
9 ind1;
C 0 T -31000 -4000;
(SymbolCall ind1);
5 10 25 0 -20000 19000 LP0_0 0 0 0 ?;
5 10 22 1 -20000 15000 LP0_1 0 0 0 ?;
5 15 -19000 19000 0 -1;
5 2 .35pH;
5 11 LP 0;
1 Bound -20000 15000 -18750 19000;
9 ind1;
C 0 T -21000 10000;
(SymbolCall ind1);
5 10 24 0 20000 19000 LP1_0 0 0 0 ?;
5 10 20 1 20000 15000 LP1_1 0 0 0 ?;
5 15 21000 19000 0 -1;
5 2 .57pH;
5 11 LP 1;
1 Bound 20000 15000 21250 19000;
9 ind1;
C 0 T 19000 10000;
(SymbolCall ind1);
5 10 8 0 50000 5000 LP5_0 0 0 0 ?;
5 10 0 1 50000 1000 LP5_1 0 0 0 ?;
5 15 49000 5000 0 -1;
5 2 .02pH;
5 11 LP 5;
1 Bound 48750 1000 50000 5000;
( Rotate 180 );
9 ind1;
C 0 MY R -1 0 T 51000 -4000;
(SymbolCall ind1);
5 10 2 0 30000 -1000 LP6_0 0 0 0 ?;
5 10 7 1 30000 -5000 LP6_1 0 0 0 ?;
5 15 31000 -1000 0 -1;
5 2 .5pH;
5 11 LP 6;
1 Bound 30000 -5000 31250 -1000;
9 ind1;
C 0 T 29000 -10000;
(SymbolCall gnd);
5 10 0 0 40000 -19000;
1 Bound 39000 -21600 41000 -19000;
9 gnd;
C 0 T 39000 -20000;
(SymbolCall gnd);
5 10 0 0 20000 -19000;
1 Bound 19000 -21600 21000 -19000;
9 gnd;
C 0 T 19000 -20000;
(SymbolCall gnd);
5 10 0 0 50000 1000;
1 Bound 49000 -1600 51000 1000;
( Rotate 180 );
9 gnd;
C 0 MY R -1 0 T 51000 0;
(SymbolCall gnd);
5 10 0 0 -10000 1000;
1 Bound -11000 -1600 -9000 1000;
9 gnd;
C 0 T -11000 0;
(SymbolCall gnd);
5 10 0 0 -30000 1000;
1 Bound -31000 -1600 -29000 1000;
9 gnd;
C 0 T -31000 0;
(SymbolCall jj);
5 10 35 2 -8000 14000;
5 10 21 1 0 15000 B0- 0 0 0 ?;
5 10 17 0 -10000 15000 B0+ 0 0 0 ?;
5 3 area=.14;
5 1 jjr;
5 11 B 0;
1 Bound -10000 13500 0 16500;
( Rotate 90 );
9 jj;
C 0 R 0 1 T 0 14000;
(SymbolCall jj);
5 10 29 2 51000 13000;
5 10 8 1 50000 5000 B5- 0 0 0 ?;
5 10 14 0 50000 15000 B5+ 0 0 0 ?;
5 3 area=.355;
5 11 B 5;
5 1 jjr;
1 Bound 48500 5000 51500 15000;
( Rotate 180 );
9 jj;
C 0 MY R -1 0 T 51000 5000;
(SymbolCall jj);
5 10 31 2 9000 13000;
5 10 13 1 10000 5000 B3- 0 0 0 ?;
5 10 16 0 10000 15000 B3+ 0 0 0 ?;
5 3 area=.174;
5 1 jjr;
5 11 B 3;
1 Bound 8500 5000 11500 15000;
9 jj;
C 0 T 9000 5000;
(SymbolCall jj);
5 10 33 2 -31000 13000;
5 10 11 1 -30000 5000 B1- 0 0 0 ?;
5 10 18 0 -30000 15000 B1+ 0 0 0 ?;
5 3 area=.25;
5 1 jjr;
5 11 B 1;
1 Bound -31500 5000 -28500 15000;
9 jj;
C 0 T -31000 5000;
(SymbolCall jj);
5 10 32 2 -11000 13000;
5 10 10 1 -10000 5000 B2- 0 0 0 ?;
5 10 17 0 -10000 15000 B2+ 0 0 0 ?;
5 3 area=.31;
5 1 jjr;
5 11 B 2;
1 Bound -11500 5000 -8500 15000;
9 jj;
C 0 T -11000 5000;
(SymbolCall jj);
5 10 30 2 29000 13000;
5 10 12 1 30000 5000 B4- 0 0 0 ?;
5 10 15 0 30000 15000 B4+ 0 0 0 ?;
5 3 area=.294;
5 1 jjr;
5 11 B 4;
1 Bound 28500 5000 31500 15000;
9 jj;
C 0 T 29000 5000;
(SymbolCall jj);
5 10 26 2 39000 -7000;
5 10 3 1 40000 -15000 B7- 0 0 0 ?;
5 10 5 0 40000 -5000 B7+ 0 0 0 ?;
5 3 area=.264;
5 1 jjr;
5 11 B 7;
1 Bound 38500 -15000 41500 -5000;
9 jj;
C 0 T 39000 -15000;
(SymbolCall jj);
5 10 27 2 19000 -7000;
5 10 4 1 20000 -15000 B6- 0 0 0 ?;
5 10 6 0 20000 -5000 B6+ 0 0 0 ?;
5 3 area=.294;
5 1 jjr;
5 11 B 6;
1 Bound 18500 -15000 21500 -5000;
9 jj;
C 0 T 19000 -15000;
(SymbolCall res);
5 10 25 1 -20000 19000 R0- 0 0 0 ?;
5 10 1 0 -20000 29000 R0+ 0 0 0 ?;
5 15 -21000 28000 0 -1 "<v>/<value>O";
5 2 40;
5 11 R 0;
1 Bound -21250 19000 -19000 29000;
9 res;
C 0 T -20000 29000;
(SymbolCall res);
5 10 24 1 20000 19000 R1- 0 0 0 ?;
5 10 1 0 20000 29000 R1+ 0 0 0 ?;
5 15 19000 28000 0 -1 "<v>/<value>O";
5 2 42;
5 11 R 1;
1 Bound 18750 19000 21000 29000;
9 res;
C 0 T 20000 29000;
(SymbolCall res);
5 10 23 1 40000 19000 R2- 0 0 0 ?;
5 10 1 0 40000 29000 R2+ 0 0 0 ?;
5 15 39000 28000 0 -1 "<v>/<value>O";
5 2 74;
5 11 R 2;
1 Bound 38750 19000 41000 29000;
9 res;
C 0 T 40000 29000;
(SymbolCall res);
5 10 2 1 40000 -1000 R3- 0 0 0 ?;
5 10 1 0 40000 9000 R3+ 0 0 0 ?;
5 15 39000 8000 0 -1 "<v>/<value>O";
5 2 65;
5 11 R 3;
1 Bound 38750 -1000 41000 9000;
9 res;
C 0 T 40000 9000;
(SymbolCall ind);
5 10 22 1 -20000 15000 L1- 0 0 0 ?;
5 10 18 0 -30000 15000 L1+ 0 0 0 ?;
5 15 -29000 16000 1 0;
5 2 1.03pH;
5 11 L 1;
1 Bound -30000 15000 -20000 16500;
( Rotate 90 );
9 ind;
C 0 R 0 1 T -20000 14000;
(SymbolCall ind);
5 10 18 1 -30000 15000 L0- 0 0 0 ?;
5 10 36 0 -40000 15000 L0+ 0 0 0 ?;
5 15 -39000 16000 1 0;
5 2 2pH;
5 11 L 0;
1 Bound -40000 15000 -30000 16500;
( Rotate 90 );
9 ind;
C 0 R 0 1 T -30000 14000;
(SymbolCall ind);
5 10 20 1 20000 15000 L4- 0 0 0 ?;
5 10 16 0 10000 15000 L4+ 0 0 0 ?;
5 15 11000 16000 1 0;
5 2 .33pH;
5 11 L 4;
1 Bound 10000 15000 20000 16500;
( Rotate 90 );
9 ind;
C 0 R 0 1 T 20000 14000;
(SymbolCall ind);
5 10 14 1 50000 15000 L8- 0 0 0 ?;
5 10 34 0 60000 15000 L8+ 0 0 0 ?;
5 15 59000 16000 -1 0;
5 2 .79pH;
5 11 L 8;
1 Bound 50000 15000 60000 16500;
( Rotate 90 );
9 ind;
C 0 MY R 0 1 T 50000 14000;
(SymbolCall ind);
5 10 15 1 30000 15000 L5- 0 0 0 ?;
5 10 20 0 20000 15000 L5+ 0 0 0 ?;
5 15 21000 16000 1 0;
5 2 5.88pH;
5 11 L 5;
1 Bound 20000 15000 30000 16500;
( Rotate 90 );
9 ind;
C 0 R 0 1 T 30000 14000;
(SymbolCall ind);
5 10 9 1 20000 5000 L9- 0 0 0 ?;
5 10 13 0 10000 5000 L9+ 0 0 0 ?;
5 15 11000 6000 1 0;
5 2 1.04pH;
5 11 L 9;
1 Bound 10000 5000 20000 6500;
( Rotate 90 );
9 ind;
C 0 R 0 1 T 20000 4000;
(SymbolCall ind);
5 10 7 1 30000 -5000 L12- 0 0 0 ?;
5 10 6 0 20000 -5000 L12+ 0 0 0 ?;
5 15 21000 -4000 1 0;
5 2 1.7pH;
5 11 L 12;
1 Bound 20000 -5000 30000 -3500;
( Rotate 90 );
9 ind;
C 0 R 0 1 T 30000 -6000;
(SymbolCall ind);
5 10 19 1 40000 15000 L7- 0 0 0 ?;
5 10 14 0 50000 15000 L7+ 0 0 0 ?;
5 15 49000 16000 -1 0;
5 2 1.02pH;
5 11 L 7;
1 Bound 40000 15000 50000 16500;
( Rotate 90 );
9 ind;
C 0 MY R 0 1 T 40000 14000;
(SymbolCall ind);
5 10 16 1 10000 15000 L3- 0 0 0 ?;
5 10 21 0 0 15000 L3+ 0 0 0 ?;
5 15 1000 16000 1 0;
5 2 .97pH;
5 11 L 3;
1 Bound 0 15000 10000 16500;
( Rotate 90 );
9 ind;
C 0 R 0 1 T 10000 14000;
(SymbolCall ind);
5 10 6 1 20000 -5000 L11- 0 0 0 ?;
5 10 9 0 20000 5000 L11+ 0 0 0 ?;
5 15 19000 4000 0 -1;
5 2 .875pH;
5 11 L 11;
1 Bound 18500 -5000 20000 5000;
( Rotate 180 );
9 ind;
C 0 MY R -1 0 T 21000 -5000;
(SymbolCall ind);
5 10 28 1 50000 -5000 L14- 0 0 0 ?;
5 10 5 0 40000 -5000 L14+ 0 0 0 ?;
5 15 41000 -4000 1 0;
5 2 2.37pH;
5 11 L 14;
1 Bound 40000 -5000 50000 -3500;
( Rotate 90 );
9 ind;
C 0 R 0 1 T 50000 -6000;
(SymbolCall ind);
5 10 12 1 30000 5000 L10- 0 0 0 ?;
5 10 9 0 20000 5000 L10+ 0 0 0 ?;
5 15 21000 6000 1 0;
5 2 .57pH;
5 11 L 10;
1 Bound 20000 5000 30000 6500;
( Rotate 90 );
9 ind;
C 0 R 0 1 T 30000 4000;
(SymbolCall ind);
5 10 5 1 40000 -5000 L13- 0 0 0 ?;
5 10 7 0 30000 -5000 L13+ 0 0 0 ?;
5 15 31000 -4000 1 0;
5 2 1.11pH;
5 11 L 13;
1 Bound 30000 -5000 40000 -3500;
( Rotate 90 );
9 ind;
C 0 R 0 1 T 40000 -6000;
(SymbolCall ind);
5 10 17 1 -10000 15000 L2- 0 0 0 ?;
5 10 22 0 -20000 15000 L2+ 0 0 0 ?;
5 15 -19000 16000 1 0;
5 2 .97pH;
5 11 L 2;
1 Bound -20000 15000 -10000 16500;
( Rotate 90 );
9 ind;
C 0 R 0 1 T -10000 14000;
(SymbolCall ind);
5 10 15 1 30000 15000 L6- 0 0 0 ?;
5 10 19 0 40000 15000 L6+ 0 0 0 ?;
5 15 39000 16000 -1 0;
5 2 1.3pH;
5 11 L 6;
1 Bound 30000 15000 40000 16500;
( Rotate 90 );
9 ind;
C 0 MY R 0 1 T 30000 14000;
(SymbolCall vcc);
5 10 1 0 40000 29000;
5 11 @ 0;
1 Bound 39000 29000 41000 31200;
9 vcc;
C 0 T 40000 29000;
(SymbolCall vcc);
5 10 1 0 40000 9000;
5 11 @ 1;
1 Bound 39000 9000 41000 11200;
9 vcc;
C 0 T 40000 9000;
L SCED;
5 10 1 0 0 0;
W2 0 -20000 29000 20000 29000 40000 29000;
5 10 2 0 0 0;
W2 0 30000 -1000 40000 -1000;
L ETC1;
94 <<.155mA>> 28000 20000 0 11275 3850;
94 <<.25ma>> -31000 19000 0 9900 3850;
94 <<.24mA>> 9000 18000 0 9900 3850;
94 <<Tin>> 53000 18000 0 5775 3850;
94 <<In>> -40000 9000 0 3575 3850;
94 <<.185mA>> 27000 -1000 0 11275 3850;
94 <<Out>> 48000 -12000 0 6600 3850;
L NAME;
5 16 R 0 11;
94 <<R0>> -21500 24000 64 1275 1000;
5 16 R 1 11;
94 <<R1>> 18500 24000 64 1050 1000;
5 16 R 2 11;
94 <<R2>> 38500 24000 64 1275 1000;
5 16 LP 0 11;
94 <<LP0>> -20250 17000 64 1875 1000;
5 16 LP 1 11;
94 <<LP1>> 19750 17000 64 1650 1000;
5 16 LP 2 11;
94 <<LP2>> 38500 17000 64 1875 1000;
5 16 L 0 11;
94 <<L0>> -39750 16750 0 1275 1000;
5 16 L 1 11;
94 <<L1>> -29750 16750 0 1050 1000;
5 16 L 2 11;
94 <<L2>> -14750 16750 0 1275 1000;
5 16 B 0 11;
94 <<B0>> -9750 16750 0 1275 1000;
5 16 L 3 11;
94 <<L3>> 250 16750 0 1275 1000;
5 16 L 4 11;
94 <<L4>> 10250 16750 0 1275 1000;
5 16 L 5 11;
94 <<L5>> 25250 16750 0 1275 1000;
5 16 L 6 11;
94 <<L6>> 30250 16750 0 1275 1000;
5 16 L 7 11;
94 <<L7>> 45250 16750 0 1275 1000;
5 16 L 8 11;
94 <<L8>> 50250 16750 0 1275 1000;
5 16 B 1 11;
94 <<B1>> -31750 10000 64 1050 1000;
5 16 B 2 11;
94 <<B2>> -11750 10000 64 1275 1000;
5 16 B 3 11;
94 <<B3>> 8250 10000 64 1275 1000;
5 16 B 4 11;
94 <<B4>> 28250 10000 64 1275 1000;
5 16 B 5 11;
94 <<B5>> 48250 10000 64 1275 1000;
5 16 L 9 11;
94 <<L9>> 10250 6750 0 1275 1000;
5 16 L 10 11;
94 <<L10>> 20250 6750 0 1650 1000;
5 16 R 3 11;
94 <<R3>> 38500 4000 64 1275 1000;
5 16 LP 3 11;
94 <<LP3>> -30250 3000 64 1875 1000;
5 16 LP 4 11;
94 <<LP4>> -10250 3000 64 1875 1000;
5 16 LP 5 11;
94 <<LP5>> 48500 3000 64 1875 1000;
5 16 L 11 11;
94 <<L11>> 18250 0 64 1425 1000;
5 16 LP 6 11;
94 <<LP6>> 29750 -3000 64 1875 1000;
5 16 L 12 11;
94 <<L12>> 20250 -3250 0 1650 1000;
5 16 L 13 11;
94 <<L13>> 35250 -3250 0 1650 1000;
5 16 L 14 11;
94 <<L14>> 40250 -3250 0 1650 1000;
5 16 B 6 11;
94 <<B6>> 18250 -10000 64 1275 1000;
5 16 B 7 11;
94 <<B7>> 38250 -10000 64 1275 1000;
5 16 LP 7 11;
94 <<LP7>> 19750 -17000 64 1875 1000;
5 16 LP 8 11;
94 <<LP8>> 39750 -17000 64 1875 1000;
L MODL;
5 16 B 0 1;
94 <<jjr>> -250 12250 64 1725 1000;
5 16 B 1 1;
94 <<jjr>> -28250 10250 0 1725 1000;
5 16 B 2 1;
94 <<jjr>> -8250 10250 0 1725 1000;
5 16 B 3 1;
94 <<jjr>> 11750 10250 0 1725 1000;
5 16 B 4 1;
94 <<jjr>> 31750 10250 0 1725 1000;
5 16 B 5 1;
94 <<jjr>> 51750 10250 0 1725 1000;
5 16 B 6 1;
94 <<jjr>> 21750 -9750 0 1725 1000;
5 16 B 7 1;
94 <<jjr>> 41750 -9750 0 1725 1000;
L VALU;
5 16 R 0 2;
94 <<40>> -18750 24250 0 1275 1000;
5 16 R 1 2;
94 <<42>> 21250 24250 0 1275 1000;
5 16 R 2 2;
94 <<74>> 41250 24250 0 1275 1000;
5 16 LP 0 2;
94 <<.35pH>> -18500 17250 0 2700 1000;
5 16 LP 1 2;
94 <<.57pH>> 21500 17250 0 2700 1000;
5 16 LP 2 2;
94 <<.33pH>> 40250 17250 0 2700 1000;
5 16 L 0 2;
94 <<2pH>> -32250 13750 64 1875 1000;
5 16 L 1 2;
94 <<1.03pH>> -22250 13750 64 3075 1000;
5 16 L 2 2;
94 <<.97pH>> -11250 13750 64 2700 1000;
5 16 L 3 2;
94 <<.97pH>> 7750 13750 64 2700 1000;
5 16 L 4 2;
94 <<.33pH>> 17750 13750 64 2700 1000;
5 16 L 5 2;
94 <<5.88pH>> 27750 13750 64 3300 1000;
5 16 L 6 2;
94 <<1.3pH>> 37750 13750 64 2475 1000;
5 16 L 7 2;
94 <<1.02pH>> 47750 13750 64 3075 1000;
5 16 L 8 2;
94 <<.79pH>> 59750 13750 64 2700 1000;
5 16 R 3 2;
94 <<65>> 41250 4250 0 1275 1000;
5 16 L 9 2;
94 <<1.04pH>> 17750 3750 64 3075 1000;
5 16 L 10 2;
94 <<.57pH>> 27750 3750 64 2700 1000;
5 16 LP 3 2;
94 <<.03pH>> -28500 3250 0 2700 1000;
5 16 LP 4 2;
94 <<.09pH>> -8500 3250 0 2700 1000;
5 16 LP 5 2;
94 <<.02pH>> 50250 3250 0 2700 1000;
5 16 L 11 2;
94 <<.875pH>> 20250 250 0 3300 1000;
5 16 LP 6 2;
94 <<.5pH>> 31500 -2750 0 2100 1000;
5 16 L 12 2;
94 <<1.7pH>> 27750 -6250 64 2475 1000;
5 16 L 13 2;
94 <<1.11pH>> 37750 -6250 64 2625 1000;
5 16 L 14 2;
94 <<2.37pH>> 49750 -6250 64 3300 1000;
5 16 LP 7 2;
94 <<.145pH>> 21500 -16750 0 3075 1000;
5 16 LP 8 2;
94 <<.03pH>> 41500 -16750 0 2700 1000;
L PARM;
5 16 B 0 3;
94 <<area=.14>> -6750 12250 0 4200 1000;
5 16 B 1 3;
94 <<area=.25>> -28250 8750 0 4425 1000;
5 16 B 2 3;
94 <<area=.31>> -8250 8750 0 4200 1000;
5 16 B 3 3;
94 <<area=.174>> 11750 8750 0 4800 1000;
5 16 B 4 3;
94 <<area=.294>> 31750 8750 0 5025 1000;
5 16 B 5 3;
94 <<area=.355>> 51750 8750 0 5025 1000;
5 16 B 6 3;
94 <<area=.294>> 21750 -11250 0 5025 1000;
5 16 B 7 3;
94 <<area=.264>> 41750 -11250 0 5025 1000;
L NODE;
5 16 @ 0 11;
94 <<vbias>> 39250 31450 0 2775 1000;
5 16 @ 1 11;
94 <<vbias>> 39250 11450 0 2775 1000;
DF;
E
