(Symbol inv_jj);
($Id:$);
(PHYSICAL);
(RESOLUTION 1000);
9 inv_jj;
DS 0 1 1;
DF;
E
(ELECTRICAL);
(RESOLUTION 1000);
5 10 2 3 -10000:-17000 25000:8000 vbias 0 0 0 ?;
5 10 9 2 40000:-21000 15000:-1000 T 0 0 0 ?;
5 10 18 1 40000:-8000 -13000:3000 out 0 0 0 ?;
5 10 8 0 -20000:-21000 15000:3000 in 0 0 0 ?;
5 18 1
  L SCED:
  W 0 -17000 7000 -17000 8000:
  W 0 -20000 3000 -21000 3000:
  W 0 -10000 3000 -8000 3000:
  W 0 -21000 -1000 -20000 -1000:
  L ETC1:
  P -20000 -3000 -20000 9000 -10000 3000 -20000 -3000:
  P -10000 3778 -9481 3519 -9222 3000 -9481 2481 -10000 2222 -10519 2481
 -10778 3000 -10519 3519 -10000 3778:
  L MODL:
  94 <<noL>> -18000 0 0 3138 1758:
  L VALU:
  94 <<vbias>> -19000 4000 0 5143 1946:
  94 <<in>> -20000 2000 0 2184 2352:
  94 <<out>> -16000 2000 0 4032 2352:
  94 <<t>> -20000 -2000 0 1344 2352:
;
5 11 X 0 subckt;
9 inv_jj;
DS 0 1 1;
(SymbolCall vcc);
5 11 @ 1;
5 10 1 0 30000 -3000;
1 Bound 29000 -3000 31000 -800;
9 vcc;
C 0 T 30000 -3000;
(SymbolCall vcc);
5 10 1 0 30000 24000;
5 11 @ 0;
1 Bound 29000 24000 31000 26200;
9 vcc;
C 0 T 30000 24000;
(SymbolCall res);
5 2 200;
5 11 R 5;
5 10 14 1 20000 -13000 R5- 0 0 0 ?;
5 10 1 0 20000 -3000 R5+ 0 0 0 ?;
5 15 19000 -4000 0 -1 "<v>/<value>O";
1 Bound 18750 -13000 21000 -3000;
9 res;
C 0 T 20000 -3000;
(SymbolCall res);
5 11 R 6;
5 10 1 0 30000 -3000 R6+ 0 0 0 ?;
5 10 17 1 30000 -13000 R6- 0 0 0 ?;
5 2 91;
5 15 29000 -4000 0 -1 "<v>/<value>O";
1 Bound 28750 -13000 31000 -3000;
9 res;
C 0 T 30000 -3000;
(SymbolCall res);
5 10 2 0 0 25000 R1+ 0 0 0 ?;
5 10 4 1 0 15000 R1- 0 0 0 ?;
5 11 R 1;
5 2 47;
5 15 -1000 24000 0 -1 "<v>/<value>O";
1 Bound -1250 15000 1000 25000;
9 res;
C 0 T 0 25000;
(SymbolCall res);
5 10 7 1 30000 15000 R4- 0 0 0 ?;
5 10 2 0 30000 25000 R4+ 0 0 0 ?;
5 11 R 4;
5 2 70;
5 15 29000 24000 0 -1 "<v>/<value>O";
1 Bound 28750 15000 31000 25000;
9 res;
C 0 T 30000 25000;
(SymbolCall res);
5 10 6 1 20000 15000 R3- 0 0 0 ?;
5 10 2 0 20000 25000 R3+ 0 0 0 ?;
5 11 R 3;
5 2 200;
5 15 19000 24000 0 -1 "<v>/<value>O";
1 Bound 18750 15000 21000 25000;
9 res;
C 0 T 20000 25000;
(SymbolCall res);
5 2 64;
5 11 R 0;
5 10 2 0 -10000 25000 R0+ 0 0 0 ?;
5 10 3 1 -10000 15000 R0- 0 0 0 ?;
5 15 -11000 24000 0 -1 "<v>/<value>O";
1 Bound -11250 15000 -9000 25000;
9 res;
C 0 T -10000 25000;
(SymbolCall res);
5 2 42;
5 15 9000 24000 0 -1 "<v>/<value>O";
5 11 R 2;
5 10 5 1 10000 15000 R2- 0 0 0 ?;
5 10 2 0 10000 25000 R2+ 0 0 0 ?;
1 Bound 8750 15000 11000 25000;
9 res;
C 0 T 10000 25000;
(SymbolCall jj);
5 11 B 0;
5 1 jjr;
5 3 area=.14;
5 10 4 0 0 15000 B0+ 0 0 0 ?;
5 10 5 1 10000 15000 B0- 0 0 0 ?;
5 10 10 2 2000 14000;
1 Bound 0 13500 10000 16500;
( Rotate 90 );
9 jj;
C 0 R 0 1 T 10000 14000;
(SymbolCall jj);
5 10 11 2 -11000 13000;
5 10 0 1 -10000 5000 B1- 0 0 0 ?;
5 10 3 0 -10000 15000 B1+ 0 0 0 ?;
5 3 area=.25;
5 1 jjr;
5 11 B 1;
1 Bound -11500 5000 -8500 15000;
9 jj;
C 0 T -11000 5000;
(SymbolCall jj);
5 10 13 2 9000 13000;
5 10 14 1 10000 5000 B3- 0 0 0 ?;
5 10 5 0 10000 15000 B3+ 0 0 0 ?;
5 3 area=.174;
5 1 jjr;
5 11 B 3;
1 Bound 8500 5000 11500 15000;
9 jj;
C 0 T 9000 5000;
(SymbolCall jj);
5 11 B 6;
5 1 jjr;
5 3 area=.294;
5 10 14 0 20000 -13000 B6+ 0 0 0 ?;
5 10 0 1 20000 -23000 B6- 0 0 0 ?;
5 10 19 2 19000 -15000;
1 Bound 18500 -23000 21500 -13000;
9 jj;
C 0 T 19000 -23000;
(SymbolCall jj);
5 10 20 2 29000 -15000;
5 10 0 1 30000 -23000 B7- 0 0 0 ?;
5 10 17 0 30000 -13000 B7+ 0 0 0 ?;
5 3 area=.264;
5 1 jjr;
5 11 B 7;
1 Bound 28500 -23000 31500 -13000;
9 jj;
C 0 T 29000 -23000;
(SymbolCall jj);
5 1 jjr;
5 11 B 5;
5 3 area=.355;
5 10 7 0 30000 15000 B5+ 0 0 0 ?;
5 10 0 1 30000 5000 B5- 0 0 0 ?;
5 10 16 2 31000 13000;
1 Bound 28500 5000 31500 15000;
( Rotate 180 );
9 jj;
C 0 MY R -1 0 T 31000 5000;
(SymbolCall jj);
5 11 B 4;
5 1 jjr;
5 3 area=.294;
5 10 6 0 20000 15000 B4+ 0 0 0 ?;
5 10 14 1 20000 5000 B4- 0 0 0 ?;
5 10 15 2 19000 13000;
1 Bound 18500 5000 21500 15000;
9 jj;
C 0 T 19000 5000;
(SymbolCall jj);
5 11 B 2;
5 1 jjr;
5 3 area=.31;
5 10 4 0 0 15000 B2+ 0 0 0 ?;
5 10 0 1 0 5000 B2- 0 0 0 ?;
5 10 12 2 -1000 13000;
1 Bound -1500 5000 1500 15000;
9 jj;
C 0 T -1000 5000;
(SymbolCall gnd);
5 10 0 0 20000 -23000;
1 Bound 19000 -25600 21000 -23000;
9 gnd;
C 0 T 19000 -24000;
(SymbolCall gnd);
5 10 0 0 30000 -23000;
1 Bound 29000 -25600 31000 -23000;
9 gnd;
C 0 T 29000 -24000;
(SymbolCall gnd);
5 10 0 0 30000 5000;
1 Bound 29000 2400 31000 5000;
( Rotate 180 );
9 gnd;
C 0 MY R -1 0 T 31000 4000;
(SymbolCall gnd);
5 10 0 0 -10000 5000;
1 Bound -11000 2400 -9000 5000;
9 gnd;
C 0 T -11000 4000;
(SymbolCall gnd);
5 10 0 0 0 5000;
1 Bound -1000 2400 1000 5000;
9 gnd;
C 0 T -1000 4000;
(SymbolCall 4jj);
5 3 jjarea=0.3;
5 11 X 5 subckt;
5 10 14 0 20000 -13000 X5+ 0 0 0 ?;
5 10 17 1 30000 -13000 X5- 0 0 0 ?;
1 Bound 20000 -15000 30000 -11000;
( Rotate 90 );
9 4jj;
C 0 R 0 1 T 30000 -4000;
(SymbolCall 4jj);
5 3 jjarea=0.5;
5 10 18 1 40000 -13000 X6- 0 0 0 ?;
5 10 17 0 30000 -13000 X6+ 0 0 0 ?;
5 11 X 6 subckt;
1 Bound 30000 -15000 40000 -11000;
( Rotate 90 );
9 4jj;
C 0 R 0 1 T 40000 -4000;
(SymbolCall 4jj);
5 3 jjarea=0.5;
5 11 X 0 subckt;
5 10 8 0 -20000 15000 X0+ 0 0 0 ?;
5 10 3 1 -10000 15000 X0- 0 0 0 ?;
1 Bound -20000 13000 -10000 17000;
( Rotate 90 );
9 4jj;
C 0 R 0 1 T -10000 24000;
(SymbolCall 4jj);
5 3 jjarea=0.3;
5 11 X 1 subckt;
5 10 3 0 -10000 15000 X1+ 0 0 0 ?;
5 10 4 1 0 15000 X1- 0 0 0 ?;
1 Bound -10000 13000 0 17000;
( Rotate 90 );
9 4jj;
C 0 R 0 1 T 0 24000;
(SymbolCall 4jj);
5 3 jjarea=0.18;
5 11 X 2 subckt;
5 10 5 0 10000 15000 X2+ 0 0 0 ?;
5 10 6 1 20000 15000 X2- 0 0 0 ?;
1 Bound 10000 13000 20000 17000;
( Rotate 90 );
9 4jj;
C 0 R 0 1 T 20000 24000;
(SymbolCall 4jj);
5 3 jjarea=0.5;
5 10 9 1 40000 15000 X4- 0 0 0 ?;
5 10 7 0 30000 15000 X4+ 0 0 0 ?;
5 11 X 4 subckt;
1 Bound 30000 13000 40000 17000;
( Rotate 90 );
9 4jj;
C 0 R 0 1 T 40000 24000;
(SymbolCall 4jj);
5 3 jjarea=0.3;
5 10 7 1 30000 15000 X3- 0 0 0 ?;
5 10 6 0 20000 15000 X3+ 0 0 0 ?;
5 11 X 3 subckt;
1 Bound 20000 13000 30000 17000;
( Rotate 90 );
9 4jj;
C 0 R 0 1 T 30000 24000;
L SCED;
5 10 2 0 0 0;
W2 0 -10000 25000 0 25000 10000 25000 20000 25000 30000 25000;
5 10 14 0 0 0;
W2 0 20000 5000 10000 5000 10000 -13000 20000 -13000;
5 10 1 0 0 0;
W2 0 20000 -3000 30000 -3000;
L ETC1;
94 <<Tin>> 33000 18000 0 5775 3850;
94 <<In>> -20000 7000 0 3575 3850;
94 <<Out>> 33000 -10000 0 6600 3850;
L NAME;
5 16 R 0 11;
94 <<R0>> -11500 20000 64 1275 1000;
5 16 R 1 11;
94 <<R1>> -1500 20000 64 1050 1000;
5 16 R 2 11;
94 <<R2>> 8500 20000 64 1275 1000;
5 16 R 3 11;
94 <<R3>> 18500 20000 64 1275 1000;
5 16 R 4 11;
94 <<R4>> 28500 20000 64 1275 1000;
5 16 X 0 11;
94 <<X0>> -19750 17250 0 1275 1000;
5 16 X 1 11;
94 <<X1>> -9750 17250 0 1050 1000;
5 16 X 2 11;
94 <<X2>> 10250 17250 0 1275 1000;
5 16 X 3 11;
94 <<X3>> 20250 17250 0 1275 1000;
5 16 X 4 11;
94 <<X4>> 30250 17250 0 1275 1000;
5 16 B 0 11;
94 <<B0>> 250 16750 0 1275 1000;
5 16 B 1 11;
94 <<B1>> -11750 10000 64 1050 1000;
5 16 B 2 11;
94 <<B2>> -1750 10000 64 1275 1000;
5 16 B 3 11;
94 <<B3>> 8250 10000 64 1275 1000;
5 16 B 4 11;
94 <<B4>> 18250 10000 64 1275 1000;
5 16 B 5 11;
94 <<B5>> 28250 10000 64 1275 1000;
5 16 R 5 11;
94 <<R5>> 18500 -8000 64 1275 1000;
5 16 R 6 11;
94 <<R6>> 28500 -8000 64 1275 1000;
5 16 X 5 11;
94 <<X5>> 20250 -10750 0 1275 1000;
5 16 X 6 11;
94 <<X6>> 30250 -10750 0 1275 1000;
5 16 B 6 11;
94 <<B6>> 18250 -18000 64 1275 1000;
5 16 B 7 11;
94 <<B7>> 28250 -18000 64 1275 1000;
L MODL;
5 16 B 0 1;
94 <<jjr>> 9750 12250 64 1725 1000;
5 16 B 1 1;
94 <<jjr>> -8250 10250 0 1725 1000;
5 16 B 2 1;
94 <<jjr>> 1750 10250 0 1725 1000;
5 16 B 3 1;
94 <<jjr>> 11750 10250 0 1725 1000;
5 16 B 4 1;
94 <<jjr>> 21750 10250 0 1725 1000;
5 16 B 5 1;
94 <<jjr>> 31750 10250 0 1725 1000;
5 16 B 6 1;
94 <<jjr>> 21750 -17750 0 1725 1000;
5 16 B 7 1;
94 <<jjr>> 31750 -17750 0 1725 1000;
L VALU;
5 16 R 0 2;
94 <<64>> -8750 20250 0 1275 1000;
5 16 R 1 2;
94 <<47>> 1250 20250 0 1275 1000;
5 16 R 2 2;
94 <<42>> 11250 20250 0 1275 1000;
5 16 R 3 2;
94 <<200>> 21250 20250 0 1875 1000;
5 16 R 4 2;
94 <<70>> 31250 20250 0 1275 1000;
5 16 R 5 2;
94 <<200>> 21250 -7750 0 1875 1000;
5 16 R 6 2;
94 <<91>> 31250 -7750 0 1050 1000;
L PARM;
5 16 B 0 3;
94 <<area=.14>> 3250 12250 0 4200 1000;
5 16 X 0 3;
94 <<jjarea=0.5>> -18750 11750 0 5475 1000;
5 16 X 1 3;
94 <<jjarea=0.3>> -7750 11750 0 5475 1000;
5 16 X 2 3;
94 <<jjarea=0.18>> 13250 11750 0 5850 1000;
5 16 X 3 3;
94 <<jjarea=0.3>> 23250 11750 0 5475 1000;
5 16 X 4 3;
94 <<jjarea=0.5>> 33250 11750 0 5475 1000;
5 16 B 1 3;
94 <<area=.25>> -8250 8750 0 4425 1000;
5 16 B 2 3;
94 <<area=.31>> 1750 8750 0 4200 1000;
5 16 B 3 3;
94 <<area=.174>> 11750 8750 0 4800 1000;
5 16 B 4 3;
94 <<area=.294>> 21750 8750 0 5025 1000;
5 16 B 5 3;
94 <<area=.355>> 31750 8750 0 5025 1000;
5 16 X 5 3;
94 <<jjarea=0.3>> 23250 -16250 0 5475 1000;
5 16 X 6 3;
94 <<jjarea=0.5>> 33250 -16250 0 5475 1000;
5 16 B 6 3;
94 <<area=.294>> 21750 -19250 0 5025 1000;
5 16 B 7 3;
94 <<area=.264>> 31750 -19250 0 5025 1000;
L NODE;
5 16 @ 0 11;
94 <<vbias>> 29250 26450 0 2775 1000;
5 16 @ 1 11;
94 <<vbias>> 29250 -550 0 2775 1000;
DF;
E
