(Symbol or);
($Id:$);
(xic 3.2.2 FreeBSD7 12/18/2009 02:46 GMT);
(PHYSICAL);
(RESOLUTION 1000);
( CREATED 12/18/2009 2:46:5, MODIFIED 12/18/2009 2:46:5 );
9 or;
DS 0 1 1;
DF;
E
(ELECTRICAL);
(RESOLUTION 1000);
5 10 1 4 8000:-11000 5000:19000 vbias 0 0 0 ?;
5 10 3 3 -13000:-13000 13000:8000 clk 0 0 0 ?;
5 10 2 2 1000:-4000 13000:14000 out 0 0 0 ?;
5 10 18 1 -30000:-17000 -5000:11000 in2 0 0 0 ?;
5 10 24 0 -30000:-17000 31000:16000 in1 0 0 0 ?;
5 18 1
  L SCED:
  W 0 -11000 18000 -11000 19000:
  W 0 -17000 16000 -15000 16000:
  W 0 -6000 14000 -4000 14000:
  W 0 -15000 11000 -17000 11000:
  W 0 -13000 9000 -13000 8000:
  L ETC1:
  P -16000 9000 -12296 9161 -9880 9644 -8592 10288 -7625 10933 -6659 11899
 -6015 12865 -5532 13832 -6015 14798 -6659 15764 -7625 16730 -8592 17375
 -9880 18019 -12135 18502 -16000 18663 -15678 17214 -15356 15603 -15195 13832
 -15356 12060 -15678 10449 -16000 9000:
  L VALU:
  94 <<vbias>> -13000 17000 0 3560 1347:
  94 <<in1>> -15000 16000 0 1732 1347:
  94 <<out>> -8000 13000 0 2309 1347:
  94 <<in2>> -15000 11000 0 2021 1347:
  94 <<clk>> -14000 9000 0 2021 1347:
;
5 11 X 0 subckt;
9 or;
DS 0 1 1;
(SymbolCall jj);
5 10 22 2 -11000 23000;
5 10 12 1 -10000 31000 B4- 0 0 0 ?;
5 10 10 0 -10000 21000 B4+ 0 0 0 ?;
5 1 jjr;
5 3 area=.18;
5 11 B 4;
1 Bound -11500 21000 -8500 31000;
9 jj;
C 0 MY T -11000 31000;
(SymbolCall jj);
5 10 23 2 -28000 32000;
5 10 13 1 -20000 31000 B3- 0 0 0 ?;
5 10 24 0 -30000 31000 B3+ 0 0 0 ?;
5 1 jjr;
5 3 area=.18;
5 11 B 3;
1 Bound -30000 29500 -20000 32500;
( Rotate 270 );
9 jj;
C 0 MY R 0 -1 T -20000 32000;
(SymbolCall jj);
5 10 21 2 -3000 23000;
5 10 11 1 -2000 31000 B5- 0 0 0 ?;
5 10 9 0 -2000 21000 B5+ 0 0 0 ?;
5 1 jjr;
5 3 area=.18;
5 11 B 5;
1 Bound -3500 21000 -500 31000;
9 jj;
C 0 MY T -3000 31000;
(SymbolCall jj);
5 10 14 2 -3000 -7000;
5 10 0 1 -2000 -15000 B11- 0 0 0 ?;
5 10 4 0 -2000 -5000 B11+ 0 0 0 ?;
5 1 jjr;
5 3 area=.18;
5 11 B 11;
1 Bound -3500 -15000 -500 -5000;
9 jj;
C 0 T -3000 -15000;
(SymbolCall jj);
5 10 19 2 -3000 3000;
5 10 4 1 -2000 -5000 B7- 0 0 0 ?;
5 10 7 0 -2000 5000 B7+ 0 0 0 ?;
5 1 jjr;
5 3 area=.18;
5 11 B 7;
1 Bound -3500 -5000 -500 5000;
9 jj;
C 0 T -3000 -5000;
(SymbolCall jj);
5 10 20 2 -11000 3000;
5 10 5 1 -10000 -5000 B6- 0 0 0 ?;
5 10 8 0 -10000 5000 B6+ 0 0 0 ?;
5 1 jjr;
5 3 area=.18;
5 11 B 6;
1 Bound -11500 -5000 -8500 5000;
9 jj;
C 0 T -11000 -5000;
(SymbolCall jj);
5 10 25 2 -3000 33000;
5 10 0 1 -2000 41000 B2- 0 0 0 ?;
5 10 11 0 -2000 31000 B2+ 0 0 0 ?;
5 1 jjr;
5 3 area=.18;
5 11 B 2;
1 Bound -3500 31000 -500 41000;
9 jj;
C 0 MY T -3000 41000;
(SymbolCall jj);
5 10 26 2 -11000 33000;
5 10 0 1 -10000 41000 B1- 0 0 0 ?;
5 10 12 0 -10000 31000 B1+ 0 0 0 ?;
5 1 jjr;
5 3 area=.18;
5 11 B 1;
1 Bound -11500 31000 -8500 41000;
9 jj;
C 0 MY T -11000 41000;
(SymbolCall jj);
5 10 27 2 -21000 33000;
5 10 0 1 -20000 41000 B0- 0 0 0 ?;
5 10 13 0 -20000 31000 B0+ 0 0 0 ?;
5 1 jjr;
5 3 area=.25;
5 11 B 0;
1 Bound -21500 31000 -18500 41000;
9 jj;
C 0 MY T -21000 41000;
(SymbolCall jj);
5 10 17 2 -28000 -6000;
5 10 6 1 -20000 -5000 B8- 0 0 0 ?;
5 10 18 0 -30000 -5000 B8+ 0 0 0 ?;
5 1 jjr;
5 3 area=.18;
5 11 B 8;
1 Bound -30000 -6500 -20000 -3500;
( Rotate 90 );
9 jj;
C 0 R 0 1 T -20000 -6000;
(SymbolCall jj);
5 10 16 2 -21000 -7000;
5 10 0 1 -20000 -15000 B9- 0 0 0 ?;
5 10 6 0 -20000 -5000 B9+ 0 0 0 ?;
5 1 jjr;
5 3 area=.25;
5 11 B 9;
1 Bound -21500 -15000 -18500 -5000;
9 jj;
C 0 T -21000 -15000;
(SymbolCall jj);
5 10 15 2 -11000 -7000;
5 10 0 1 -10000 -15000 B10- 0 0 0 ?;
5 10 5 0 -10000 -5000 B10+ 0 0 0 ?;
5 1 jjr;
5 3 area=.18;
5 11 B 10;
1 Bound -11500 -15000 -8500 -5000;
9 jj;
C 0 T -11000 -15000;
(SymbolCall ind2);
5 10 5 0 -10000 -5000 LT3_0 0 0 0 ?;
5 10 4 1 -2000 -5000 LT3_1 0 0 0 ?;
5 15 -9000 -4000 1 0;
5 2 3.8pH;
5 11 LT 3;
1 Bound -10000 -5000 -2000 -3750;
( Rotate 90 );
9 ind2;
C 0 R 0 1 T 0 -6000;
(SymbolCall ind2);
5 10 3 0 -10000 13000 LT2_0 0 0 0 ?;
5 10 8 1 -10000 5000 LT2_1 0 0 0 ?;
5 15 -9000 12000 0 -1;
5 2 5.7pH;
5 11 LT 2;
1 Bound -10000 5000 -8750 13000;
9 ind2;
C 0 T -11000 3000;
(SymbolCall ind2);
5 10 12 0 -10000 31000 LT0_0 0 0 0 ?;
5 10 11 1 -2000 31000 LT0_1 0 0 0 ?;
5 15 -9000 30000 1 0;
5 2 3.8pH;
5 11 LT 0;
1 Bound -10000 29750 -2000 31000;
( Rotate 270 );
9 ind2;
C 0 MY R 0 -1 T 0 32000;
(SymbolCall ind2);
5 10 3 0 -10000 13000 LT1_0 0 0 0 ?;
5 10 10 1 -10000 21000 LT1_1 0 0 0 ?;
5 15 -9000 14000 0 1;
5 2 5.7pH;
5 11 LT 1;
1 Bound -10000 13000 -8750 21000;
9 ind2;
C 0 MY T -11000 23000;
(SymbolCall vcc);
5 10 1 0 -20000 21000;
5 11 @ 0;
1 Bound -20000 20000 -17800 22000;
( Rotate 90 );
9 vcc;
C 0 MY R 0 1 T -20000 21000;
(SymbolCall vcc);
5 10 1 0 8000 21000;
5 11 @ 1;
1 Bound 8000 20000 10200 22000;
( Rotate 90 );
9 vcc;
C 0 MY R 0 1 T 8000 21000;
(SymbolCall res);
5 10 6 1 -20000 -5000 R3- 0 0 0 ?;
5 10 1 0 -20000 5000 R3+ 0 0 0 ?;
5 15 -21000 4000 0 -1 "<v>/<value>O";
5 2 57;
5 11 R 3;
1 Bound -21250 -5000 -19000 5000;
9 res;
C 0 T -20000 5000;
(SymbolCall res);
5 10 13 1 -20000 31000 R0- 0 0 0 ?;
5 10 1 0 -20000 21000 R0+ 0 0 0 ?;
5 15 -21000 22000 0 1 "<v>/<value>O";
5 2 57;
5 11 R 0;
1 Bound -21250 21000 -19000 31000;
9 res;
C 0 MY T -20000 21000;
(SymbolCall res);
5 10 9 1 -2000 21000 R1- 0 0 0 ?;
5 10 1 0 8000 21000 R1+ 0 0 0 ?;
5 15 7000 20000 -1 0 "<v>/<value>O";
5 2 76;
5 11 R 1;
1 Bound -2000 19750 8000 22000;
( Rotate 90 );
9 res;
C 0 MY R 0 1 T 8000 21000;
(SymbolCall res);
5 10 7 1 -2000 5000 R2- 0 0 0 ?;
5 10 1 0 8000 5000 R2+ 0 0 0 ?;
5 15 7000 4000 -1 0 "<v>/<value>O";
5 11 R 2;
5 2 76;
1 Bound -2000 3750 8000 6000;
( Rotate 90 );
9 res;
C 0 MY R 0 1 T 8000 5000;
(SymbolCall ind1);
5 2 0.50pH;
5 10 2 0 -2000 9000 LP1_0 0 0 0 ?;
5 10 7 1 -2000 5000 LP1_1 0 0 0 ?;
5 15 -1000 9000 0 -1;
5 11 LP 1;
1 Bound -2000 5000 -750 9000;
9 ind1;
C 0 T -3000 0;
(SymbolCall ind1);
5 2 0.50pH;
5 10 2 0 -2000 17000 LP0_0 0 0 0 ?;
5 10 9 1 -2000 21000 LP0_1 0 0 0 ?;
5 15 -1000 17000 0 1;
5 11 LP 0;
1 Bound -2000 17000 -750 21000;
9 ind1;
C 0 MY T -3000 26000;
(SymbolCall ind);
5 10 5 1 -10000 -5000 L1- 0 0 0 ?;
5 10 6 0 -20000 -5000 L1+ 0 0 0 ?;
5 15 -19000 -4000 1 0;
5 2 15.1pH;
5 11 L 1;
1 Bound -20000 -5000 -10000 -3500;
( Rotate 90 );
9 ind;
C 0 R 0 1 T -10000 -6000;
(SymbolCall ind);
5 10 12 1 -10000 31000 L0- 0 0 0 ?;
5 10 13 0 -20000 31000 L0+ 0 0 0 ?;
5 15 -19000 30000 1 0;
5 2 15.1pH;
5 11 L 0;
1 Bound -20000 29500 -10000 31000;
( Rotate 270 );
9 ind;
C 0 MY R 0 -1 T -10000 32000;
(SymbolCall gnd);
5 10 0 0 -20000 -15000;
1 Bound -21000 -17600 -19000 -15000;
9 gnd;
C 0 T -21000 -16000;
(SymbolCall gnd);
5 10 0 0 -10000 -15000;
1 Bound -11000 -17600 -9000 -15000;
9 gnd;
C 0 T -11000 -16000;
(SymbolCall gnd);
5 10 0 0 -2000 -15000;
1 Bound -3000 -17600 -1000 -15000;
9 gnd;
C 0 T -3000 -16000;
(SymbolCall gnd);
5 10 0 0 -2000 41000;
1 Bound -3000 41000 -1000 43600;
9 gnd;
C 0 MY T -3000 42000;
(SymbolCall gnd);
5 10 0 0 -20000 41000;
1 Bound -21000 41000 -19000 43600;
9 gnd;
C 0 MY T -21000 42000;
(SymbolCall gnd);
5 10 0 0 -10000 41000;
1 Bound -11000 41000 -9000 43600;
9 gnd;
C 0 MY T -11000 42000;
L SCED;
5 10 1 0 0 0;
W2 0 -20000 21000 -20000 5000;
5 10 1 0 0 0;
W2 0 8000 21000 8000 5000;
5 10 2 0 0 0;
W2 0 -2000 17000 -2000 13000 -2000 9000;
5 10 3 0 0 0;
W2 0 -10000 13000 -13000 13000;
5 10 2 0 0 0;
W2 0 -2000 13000 1000 13000;
L ETC1;
94 <<0.18mA>> -29000 25000 0 4881 1667;
94 <<0.13mA>> 2000 16000 0 4881 1667;
94 <<0.13mA>> 0 2000 0 4881 1667;
94 <<0.18mA>> -27000 -2000 0 4881 1667;
L NAME;
5 16 B 0 11;
94 <<B0>> -21750 36000 64 1275 1000;
5 16 B 1 11;
94 <<B1>> -11750 36000 64 1050 1000;
5 16 B 2 11;
94 <<B2>> -3750 36000 64 1275 1000;
5 16 B 3 11;
94 <<B3>> -29750 32750 0 1275 1000;
5 16 L 0 11;
94 <<L0>> -19750 31250 0 1275 1000;
5 16 LT 0 11;
94 <<LT0>> -9750 31250 0 1875 1000;
5 16 R 0 11;
94 <<R0>> -21500 26000 64 1275 1000;
5 16 B 4 11;
94 <<B4>> -11750 26000 64 1275 1000;
5 16 B 5 11;
94 <<B5>> -3750 26000 64 1275 1000;
5 16 R 1 11;
94 <<R1>> -1750 22250 0 1050 1000;
5 16 LP 0 11;
94 <<LP0>> -2250 19000 64 1875 1000;
5 16 LT 1 11;
94 <<LT1>> -10250 17000 64 1650 1000;
5 16 LT 2 11;
94 <<LT2>> -10250 9000 64 1875 1000;
5 16 LP 1 11;
94 <<LP1>> -2250 7000 64 1650 1000;
5 16 R 2 11;
94 <<R2>> 4250 6250 0 1275 1000;
5 16 R 3 11;
94 <<R3>> -21500 0 64 1275 1000;
5 16 B 6 11;
94 <<B6>> -11750 0 64 1275 1000;
5 16 B 7 11;
94 <<B7>> -3750 0 64 1275 1000;
5 16 B 8 11;
94 <<B8>> -29750 -3250 0 1275 1000;
5 16 L 1 11;
94 <<L1>> -19750 -3250 0 1050 1000;
5 16 LT 3 11;
94 <<LT3>> -9750 -3500 0 1875 1000;
5 16 B 9 11;
94 <<B9>> -21750 -10000 64 1275 1000;
5 16 B 10 11;
94 <<B10>> -11750 -10000 64 1650 1000;
5 16 B 11 11;
94 <<B11>> -3750 -10000 64 1425 1000;
L MODL;
5 16 B 0 1;
94 <<jjr>> -18250 36250 0 1725 1000;
5 16 B 1 1;
94 <<jjr>> -8250 36250 0 1725 1000;
5 16 B 2 1;
94 <<jjr>> -250 36250 0 1725 1000;
5 16 B 3 1;
94 <<jjr>> -20250 28250 64 1725 1000;
5 16 B 4 1;
94 <<jjr>> -8250 26250 0 1725 1000;
5 16 B 5 1;
94 <<jjr>> -250 26250 0 1725 1000;
5 16 B 6 1;
94 <<jjr>> -8250 250 0 1725 1000;
5 16 B 7 1;
94 <<jjr>> -250 250 0 1725 1000;
5 16 B 8 1;
94 <<jjr>> -20250 -7750 64 1725 1000;
5 16 B 9 1;
94 <<jjr>> -18250 -9750 0 1725 1000;
5 16 B 10 1;
94 <<jjr>> -8250 -9750 0 1725 1000;
5 16 B 11 1;
94 <<jjr>> -250 -9750 0 1725 1000;
L VALU;
5 16 LT 0 2;
94 <<3.8pH>> -2250 28500 64 2700 1000;
5 16 L 0 2;
94 <<15.1pH>> -10250 28250 64 2850 1000;
5 16 R 0 2;
94 <<57>> -18750 26250 0 1275 1000;
5 16 R 1 2;
94 <<76>> 7750 18500 64 1275 1000;
5 16 LP 0 2;
94 <<0.50pH>> -500 18250 0 3300 1000;
5 16 LT 1 2;
94 <<5.7pH>> -8500 17250 0 2700 1000;
5 16 LT 2 2;
94 <<5.7pH>> -8500 9250 0 2700 1000;
5 16 LP 1 2;
94 <<0.50pH>> -500 7250 0 3300 1000;
5 16 R 2 2;
94 <<76>> 7750 2500 64 1275 1000;
5 16 R 3 2;
94 <<57>> -18750 250 0 1275 1000;
5 16 L 1 2;
94 <<15.1pH>> -10250 -6250 64 2850 1000;
5 16 LT 3 2;
94 <<3.8pH>> -2250 -6250 64 2700 1000;
L PARM;
5 16 B 0 3;
94 <<area=.25>> -18250 34750 0 4425 1000;
5 16 B 1 3;
94 <<area=.18>> -8250 34750 0 4200 1000;
5 16 B 2 3;
94 <<area=.18>> -250 34750 0 4200 1000;
5 16 B 3 3;
94 <<area=.18>> -29750 27250 0 4200 1000;
5 16 B 4 3;
94 <<area=.18>> -8250 24750 0 4200 1000;
5 16 B 5 3;
94 <<area=.18>> -250 24750 0 4200 1000;
5 16 B 6 3;
94 <<area=.18>> -8250 -1250 0 4200 1000;
5 16 B 7 3;
94 <<area=.18>> -250 -1250 0 4200 1000;
5 16 B 8 3;
94 <<area=.18>> -29750 -8750 0 4200 1000;
5 16 B 9 3;
94 <<area=.25>> -18250 -11250 0 4425 1000;
5 16 B 10 3;
94 <<area=.18>> -8250 -11250 0 4200 1000;
5 16 B 11 3;
94 <<area=.18>> -250 -11250 0 4200 1000;
L NODE;
5 16 @ 0 11;
94 <<vbias>> -17550 21250 0 2775 1000;
5 16 @ 1 11;
94 <<vbias>> 10450 21250 0 2775 1000;
DF;
E
