(Symbol split_jj);
($Id:$);
(PHYSICAL);
(RESOLUTION 1000);
9 split_jj;
DS 0 1 1;
DF;
E
(ELECTRICAL);
(RESOLUTION 1000);
5 10 2 3 -22000:-13000 6000:-12000 vbias 0 0 0 ?;
5 10 10 2 17000:-9000 -15000:-18000 out2 0 0 0 ?;
5 10 7 1 17000:-9000 -5000:-15000 out1 0 0 0 ?;
5 10 8 0 -32000:-16000 -10000:-18000 in 0 0 0 ?;
5 18 1
  L SCED:
  W 0 -13000 -13000 -13000 -12000:
  W 0 -10000 -15000 -9000 -15000:
  W 0 -16000 -18000 -15000 -18000:
  W 0 -10000 -18000 -9000 -18000:
  L ETC1:
  B 5000 7000 -12500 -16500:
  L ETC2:
  94 <<SPLIT>> -14000 -17000 0 3728 1410:
  L MODL:
  94 <<noL>> -10000 -20000 8 2584 1447:
  L VALU:
  94 <<vbias>> -14000 -14000 0 2315 876:
  94 <<out1>> -10000 -15000 64 1363 658:
  94 <<in>> -15000 -18000 0 813 876:
  94 <<out2>> -10000 -18000 64 1504 658:
;
5 11 X 0 subckt;
9 split_jj;
DS 0 1 1;
(SymbolCall gnd);
5 10 0 0 -22000 -20000;
1 Bound -23000 -22600 -21000 -20000;
9 gnd;
C 0 T -23000 -21000;
(SymbolCall gnd);
5 10 0 0 7000 5000;
1 Bound 6000 5000 8000 7600;
9 gnd;
C 0 MY T 6000 6000;
(SymbolCall gnd);
5 10 0 0 7000 -25000;
1 Bound 6000 -27600 8000 -25000;
9 gnd;
C 0 T 6000 -26000;
(SymbolCall 4jj);
5 10 8 0 -32000 -10000 X2+ 0 0 0 ?;
5 10 1 1 -22000 -10000 X2- 0 0 0 ?;
5 3 jjarea=0.5;
5 11 X 2 subckt;
1 Bound -32000 -12000 -22000 -8000;
( Rotate 90 );
9 4jj;
C 0 R 0 1 T -22000 -1000;
(SymbolCall 4jj);
5 10 1 0 -22000 -10000 X3+ 0 0 0 ?;
5 10 6 1 -12000 -10000 X3- 0 0 0 ?;
5 3 jjarea=0.5;
5 11 X 3 subckt;
1 Bound -22000 -12000 -12000 -8000;
( Rotate 90 );
9 4jj;
C 0 R 0 1 T -12000 -1000;
(SymbolCall 4jj);
5 10 6 0 -12000 -15000 X4+ 0 0 0 ?;
5 10 4 1 -2000 -15000 X4- 0 0 0 ?;
5 3 jjarea=0.3;
5 11 X 4 subckt;
1 Bound -12000 -17000 -2000 -13000;
( Rotate 90 );
9 4jj;
C 0 R 0 1 T -2000 -6000;
(SymbolCall 4jj);
5 10 4 0 7000 -15000 X5+ 0 0 0 ?;
5 10 10 1 17000 -15000 X5- 0 0 0 ?;
5 3 jjarea=0.5;
5 11 X 5 subckt;
1 Bound 7000 -17000 17000 -13000;
( Rotate 90 );
9 4jj;
C 0 R 0 1 T 17000 -6000;
(SymbolCall 4jj);
5 10 6 0 -12000 -5000 X0+ 0 0 0 ?;
5 10 3 1 -2000 -5000 X0- 0 0 0 ?;
5 3 jjarea=0.3;
5 11 X 0 subckt;
1 Bound -12000 -7000 -2000 -3000;
( Rotate 90 );
9 4jj;
C 0 R 0 1 T -2000 4000;
(SymbolCall 4jj);
5 10 3 0 7000 -5000 X1+ 0 0 0 ?;
5 10 7 1 17000 -5000 X1- 0 0 0 ?;
5 3 jjarea=0.5;
5 11 X 1 subckt;
1 Bound 7000 -7000 17000 -3000;
( Rotate 90 );
9 4jj;
C 0 R 0 1 T 17000 4000;
(SymbolCall jj);
5 10 9 2 -23000 -12000;
5 10 0 1 -22000 -20000 B1- 0 0 0 ?;
5 10 1 0 -22000 -10000 B1+ 0 0 0 ?;
5 3 area=.355;
5 11 B 1;
5 1 jjr;
1 Bound -23500 -20000 -20500 -10000;
9 jj;
C 0 T -23000 -20000;
(SymbolCall jj);
5 10 5 2 6000 -3000;
5 10 0 1 7000 5000 B0- 0 0 0 ?;
5 10 3 0 7000 -5000 B0+ 0 0 0 ?;
5 11 B 0;
5 3 area=.25;
5 1 jjr;
1 Bound 5500 -5000 8500 5000;
9 jj;
C 0 MY T 6000 5000;
(SymbolCall jj);
5 10 11 2 6000 -17000;
5 10 0 1 7000 -25000 B2- 0 0 0 ?;
5 10 4 0 7000 -15000 B2+ 0 0 0 ?;
5 3 area=.25;
5 1 jjr;
5 11 B 2;
1 Bound 5500 -25000 8500 -15000;
9 jj;
C 0 T 6000 -25000;
(SymbolCall res);
5 10 4 1 2000 -4000 R2- 0 0 0 ?;
5 10 2 0 2000 6000 R2+ 0 0 0 ?;
5 15 1000 5000 0 -1 "<v>/<value>O";
5 2 58;
5 11 R 2;
1 Bound 750 -4000 3000 6000;
9 res;
C 0 T 2000 6000;
(SymbolCall res);
5 10 3 1 -2000 -4000 R1- 0 0 0 ?;
5 10 2 0 -2000 6000 R1+ 0 0 0 ?;
5 15 -3000 5000 0 -1 "<v>/<value>O";
5 2 58;
5 11 R 1;
1 Bound -3250 -4000 -1000 6000;
9 res;
C 0 T -2000 6000;
(SymbolCall res);
5 10 1 1 -22000 -4000 R0- 0 0 0 ?;
5 10 2 0 -22000 6000 R0+ 0 0 0 ?;
5 15 -23000 5000 0 -1 "<v>/<value>O";
5 11 R 0;
5 2 38;
1 Bound -23250 -4000 -21000 6000;
9 res;
C 0 T -22000 6000;
L SCED;
5 10 2 0 0 0;
W2 0 -22000 6000 -2000 6000 2000 6000;
5 10 1 0 0 0;
W2 0 -22000 -4000 -22000 -10000;
5 10 3 0 0 0;
W2 0 -2000 -4000 -2000 -5000 7000 -5000;
5 10 4 0 0 0;
W2 0 2000 -4000 2000 -15000;
5 10 6 0 0 0;
W2 0 -12000 -5000 -12000 -10000 -12000 -15000;
5 10 4 0 0 0;
W2 0 -2000 -15000 2000 -15000 7000 -15000;
L ETC1;
94 <<kk>> -17000 -14000 0 340 280;
L NAME;
5 16 R 0 11;
94 <<R0>> -23500 1000 64 1275 1000;
5 16 R 1 11;
94 <<R1>> -3500 1000 64 1050 1000;
5 16 R 2 11;
94 <<R2>> 500 1000 64 1275 1000;
5 16 B 0 11;
94 <<B0>> 5250 0 64 1275 1000;
5 16 X 0 11;
94 <<X0>> -11750 -2750 0 1275 1000;
5 16 X 1 11;
94 <<X1>> 7250 -2750 0 1050 1000;
5 16 X 2 11;
94 <<X2>> -31750 -7750 0 1275 1000;
5 16 X 3 11;
94 <<X3>> -21750 -7750 0 1275 1000;
5 16 X 4 11;
94 <<X4>> -11750 -12750 0 1275 1000;
5 16 X 5 11;
94 <<X5>> 7250 -12750 0 1275 1000;
5 16 B 1 11;
94 <<B1>> -23892 -15000 64 1050 1000;
5 16 B 2 11;
94 <<B2>> 5108 -20000 64 1275 1000;
L MODL;
5 16 B 0 1;
94 <<jjr>> 8750 250 0 1725 1000;
5 16 B 1 1;
94 <<jjr>> -20108 -14608 0 1725 1000;
5 16 B 2 1;
94 <<jjr>> 8892 -19608 0 1725 1000;
L VALU;
5 16 R 0 2;
94 <<38>> -20750 1250 0 1275 1000;
5 16 R 1 2;
94 <<58>> -1750 -1750 0 1275 1000;
5 16 R 2 2;
94 <<58>> 2250 -1750 0 1275 1000;
L PARM;
5 16 B 0 3;
94 <<area=.25>> 8750 -1250 0 4425 1000;
5 16 X 0 3;
94 <<jjarea=0.3>> -8750 -8250 0 5475 1000;
5 16 X 1 3;
94 <<jjarea=0.5>> 10250 -8250 0 5475 1000;
5 16 X 2 3;
94 <<jjarea=0.5>> -30750 -13250 0 5475 1000;
5 16 X 3 3;
94 <<jjarea=0.5>> -17750 -13250 0 5475 1000;
5 16 B 1 3;
94 <<area=.355>> -20108 -16960 0 5025 1000;
5 16 X 4 3;
94 <<jjarea=0.3>> -8750 -18250 0 5475 1000;
5 16 X 5 3;
94 <<jjarea=0.5>> 10250 -18250 0 5475 1000;
5 16 B 2 3;
94 <<area=.25>> 8892 -21960 0 4425 1000;
DF;
E
