(Symbol t1ff);
($Id:$);
(xic 3.2.2 FreeBSD7 12/17/2009 01:52 GMT);
(PHYSICAL);
(RESOLUTION 1000);
( CREATED 12/17/2009 1:52:7, MODIFIED 12/17/2009 1:52:7 );
9 t1ff;
DS 0 1 1;
DF;
E
(ELECTRICAL);
(RESOLUTION 1000);
5 10 30 4 2000:2000 30000:17000 vbias 0 0 0 ?;
5 10 19 3 16000:7000 -20000:10000 S 0 0 0 ?;
5 10 18 2 -2000:-2000 -28000:10000 DR 0 0 0 ?;
5 10 28 1 18000:7000 15000:14000 C 0 0 0 ?;
5 10 25 0 -24000:-2000 1000:14000 A 0 0 0 ?;
5 18 1
  L SCED:
  W 0 2000 17000 2000 16000:
  W 0 -2000 14000 -1000 14000:
  W 0 6000 14000 7000 14000:
  W 0 -2000 10000 -1000 10000:
  W 0 6000 10000 7000 10000:
  L ETC1:
  B 7000 8000 2500 12000:
  L ETC2:
  94 <<T1FF>> 0 11000 0 5392 2516:
  L VALU:
  94 <<vbias>> 1000 15000 0 2331 882:
  94 <<A>> -1000 14000 0 567 882:
  94 <<C>> 5000 14000 0 567 882:
  94 <<DR>> -1000 10000 0 1071 882:
  94 <<S>> 5000 10000 0 567 882:
;
5 11 X 0 subckt;
9 t1ff;
DS 0 1 1;
(SymbolCall ind2);
5 10 5 0 -2000 -20000 LT4_0 0 0 0 ?;
5 10 18 1 -2000 -28000 LT4_1 0 0 0 ?;
5 15 -1000 -21000 0 -1;
5 2 0.58pH;
5 11 LT 4;
1 Bound -2000 -28000 -750 -20000;
9 ind2;
C 0 T -3000 -30000;
(SymbolCall ind2);
5 10 25 0 -24000 1000 LT2_0 0 0 0 ?;
5 10 12 1 -16000 1000 LT2_1 0 0 0 ?;
5 15 -23000 2000 1 0;
5 2 .84pH;
5 11 LT 2;
1 Bound -24000 1000 -16000 2250;
( Rotate 90 );
9 ind2;
C 0 R 0 1 T -14000 0;
(SymbolCall ind2);
5 10 1 0 8000 -20000 LT3_0 0 0 0 ?;
5 10 19 1 16000 -20000 LT3_1 0 0 0 ?;
5 15 9000 -19000 1 0;
5 2 3.43pH;
5 11 LT 3;
1 Bound 8000 -20000 16000 -18750;
( Rotate 90 );
9 ind2;
C 0 R 0 1 T 18000 -21000;
(SymbolCall ind2);
5 10 14 0 10000 15000 LT1_0 0 0 0 ?;
5 10 28 1 18000 15000 LT1_1 0 0 0 ?;
5 15 11000 16000 1 0;
5 2 3.29pH;
5 11 LT 1;
1 Bound 10000 15000 18000 16250;
( Rotate 90 );
9 ind2;
C 0 R 0 1 T 20000 14000;
(SymbolCall ind2);
5 10 3 0 2000 15000 LT0_0 0 0 0 ?;
5 10 14 1 10000 15000 LT0_1 0 0 0 ?;
5 15 3000 16000 1 0;
5 2 2.50pH;
5 11 LT 0;
1 Bound 2000 15000 10000 16250;
( Rotate 90 );
9 ind2;
C 0 R 0 1 T 12000 14000;
(SymbolCall gnd);
5 10 0 0 8000 -34000;
1 Bound 7000 -36600 9000 -34000;
9 gnd;
C 0 T 7000 -35000;
(SymbolCall gnd);
5 10 0 0 10000 5000;
1 Bound 9000 2400 11000 5000;
9 gnd;
C 0 T 9000 4000;
(SymbolCall gnd);
5 10 0 0 -30000 -13000;
1 Bound -31000 -15600 -29000 -13000;
( Rotate 180 );
9 gnd;
C 0 MY R -1 0 T -29000 -14000;
(SymbolCall gnd);
5 10 0 0 -30000 15000;
1 Bound -31000 12400 -29000 15000;
9 gnd;
C 0 T -31000 14000;
(SymbolCall ind1);
5 10 6 0 8000 -13000 LP7_0 0 0 0 ?;
5 10 1 1 8000 -17000 LP7_1 0 0 0 ?;
5 15 9000 -13000 0 -1;
5 2 0.72pH;
5 11 LP 7;
1 Bound 8000 -17000 9250 -13000;
9 ind1;
C 0 T 7000 -22000;
(SymbolCall ind1);
5 10 7 0 -12000 -13000 LP6_0 0 0 0 ?;
5 10 8 1 -16000 -13000 LP6_1 0 0 0 ?;
5 15 -12000 -12000 -1 0;
5 2 0.60pH;
5 11 LP 6;
1 Bound -16000 -13000 -12000 -11750;
( Rotate 90 );
9 ind1;
C 0 MY R 0 1 T -21000 -14000;
(SymbolCall ind1);
5 10 0 0 -30000 15000 LP0_0 0 0 0 ?;
5 10 16 1 -26000 15000 LP0_1 0 0 0 ?;
5 15 -30000 16000 1 0;
5 2 0.24pH;
5 11 LP 0;
1 Bound -30000 15000 -26000 16250;
( Rotate 90 );
9 ind1;
C 0 R 0 1 T -21000 14000;
(SymbolCall ind1);
5 10 2 0 -12000 15000 LP1_0 0 0 0 ?;
5 10 15 1 -16000 15000 LP1_1 0 0 0 ?;
5 15 -12000 16000 -1 0;
5 2 0.53pH;
5 11 LP 1;
1 Bound -16000 15000 -12000 16250;
( Rotate 90 );
9 ind1;
C 0 MY R 0 1 T -21000 14000;
(SymbolCall ind1);
5 10 4 0 8000 -30000 LP8_0 0 0 0 ?;
5 10 0 1 8000 -34000 LP8_1 0 0 0 ?;
5 15 9000 -30000 0 -1;
5 2 0.40pH;
5 11 LP 8;
1 Bound 8000 -34000 9250 -30000;
9 ind1;
C 0 T 7000 -39000;
(SymbolCall ind1);
5 10 2 0 -2000 15000 LP2_0 0 0 0 ?;
5 10 3 1 2000 15000 LP2_1 0 0 0 ?;
5 15 -2000 16000 1 0;
5 2 0.55pH;
5 11 LP 2;
1 Bound -2000 15000 2000 16250;
( Rotate 90 );
9 ind1;
C 0 R 0 1 T 7000 14000;
(SymbolCall ind1);
5 10 9 0 -26000 -13000 LP5_0 0 0 0 ?;
5 10 0 1 -30000 -13000 LP5_1 0 0 0 ?;
5 15 -26000 -12000 -1 0;
5 2 0.21pH;
5 11 LP 5;
1 Bound -30000 -13000 -26000 -11750;
( Rotate 90 );
9 ind1;
C 0 MY R 0 1 T -35000 -14000;
(SymbolCall ind1);
5 10 11 0 -16000 -3000 LP4_0 0 0 0 ?;
5 10 12 1 -16000 1000 LP4_1 0 0 0 ?;
5 15 -15000 -3000 0 1;
5 2 0.87pH;
5 11 LP 4;
1 Bound -16000 -3000 -14750 1000;
9 ind1;
C 0 MY T -17000 6000;
(SymbolCall ind1);
5 10 13 0 -16000 5000 LP3_0 0 0 0 ?;
5 10 12 1 -16000 1000 LP3_1 0 0 0 ?;
5 15 -15000 5000 0 -1;
5 2 0.87pH;
5 11 LP 3;
1 Bound -16000 1000 -14750 5000;
9 ind1;
C 0 T -17000 -4000;
(SymbolCall res);
5 10 3 1 2000 20000 R0- 0 0 0 ?;
5 10 30 0 2000 30000 R0+ 0 0 0 ?;
5 15 1000 29000 0 -1 "<v>/<value>O";
5 2 24;
5 11 R 0;
1 Bound 750 20000 3000 30000;
9 res;
C 0 T 2000 30000;
(SymbolCall ind);
5 10 2 1 -2000 -3000 L0- 0 0 0 ?;
5 10 10 0 -2000 -13000 L0+ 0 0 0 ?;
5 15 -3000 -12000 0 1;
5 2 4.05pH;
5 11 L 0;
1 Bound -3500 -13000 -2000 -3000;
( Rotate 180 );
9 ind;
C 0 R -1 0 T -1000 -3000;
(SymbolCall jj);
5 10 20 2 0 -21000;
5 10 1 1 8000 -20000 B7- 0 0 0 ?;
5 10 5 0 -2000 -20000 B7+ 0 0 0 ?;
5 1 jjr;
5 3 area=.21;
5 11 B 7;
1 Bound -2000 -21500 8000 -18500;
( Rotate 90 );
9 jj;
C 0 R 0 1 T 8000 -21000;
(SymbolCall jj);
5 10 21 2 0 -14000;
5 10 6 1 8000 -13000 B6- 0 0 0 ?;
5 10 10 0 -2000 -13000 B6+ 0 0 0 ?;
5 1 jjr;
5 3 area=.25;
5 11 B 6;
1 Bound -2000 -14500 8000 -11500;
( Rotate 90 );
9 jj;
C 0 R 0 1 T 8000 -14000;
(SymbolCall jj);
5 10 22 2 -4000 -14000;
5 10 7 1 -12000 -13000 B5- 0 0 0 ?;
5 10 10 0 -2000 -13000 B5+ 0 0 0 ?;
5 1 jjr;
5 3 area=.19;
5 11 B 5;
1 Bound -12000 -14500 -2000 -11500;
( Rotate 90 );
9 jj;
C 0 MY R 0 1 T -12000 -14000;
(SymbolCall jj);
5 10 29 2 -18000 16000;
5 10 16 1 -26000 15000 B0- 0 0 0 ?;
5 10 15 0 -16000 15000 B0+ 0 0 0 ?;
5 1 jjr;
5 3 area=.24;
5 11 B 0;
1 Bound -26000 13500 -16000 16500;
( Rotate 270 );
9 jj;
C 0 R 0 -1 T -26000 16000;
(SymbolCall jj);
5 10 17 2 7000 -22000;
5 10 4 1 8000 -30000 B8- 0 0 0 ?;
5 10 1 0 8000 -20000 B8+ 0 0 0 ?;
5 1 jjr;
5 3 area=.19;
5 11 B 8;
1 Bound 6500 -30000 9500 -20000;
9 jj;
C 0 T 7000 -30000;
(SymbolCall jj);
5 10 23 2 -18000 -14000;
5 10 9 1 -26000 -13000 B4- 0 0 0 ?;
5 10 8 0 -16000 -13000 B4+ 0 0 0 ?;
5 1 jjr;
5 3 area=.24;
5 11 B 4;
1 Bound -26000 -14500 -16000 -11500;
( Rotate 90 );
9 jj;
C 0 MY R 0 1 T -26000 -14000;
(SymbolCall jj);
5 10 24 2 -17000 -11000;
5 10 11 1 -16000 -3000 B3- 0 0 0 ?;
5 10 8 0 -16000 -13000 B3+ 0 0 0 ?;
5 1 jjr;
5 3 area=.20;
5 11 B 3;
1 Bound -17500 -13000 -14500 -3000;
9 jj;
C 0 MY T -17000 -3000;
(SymbolCall jj);
5 10 27 2 -17000 13000;
5 10 13 1 -16000 5000 B1- 0 0 0 ?;
5 10 15 0 -16000 15000 B1+ 0 0 0 ?;
5 1 jjr;
5 3 area=.21;
5 11 B 1;
1 Bound -17500 5000 -14500 15000;
9 jj;
C 0 T -17000 5000;
(SymbolCall jj);
5 10 26 2 9000 13000;
5 10 0 1 10000 5000 B2- 0 0 0 ?;
5 10 14 0 10000 15000 B2+ 0 0 0 ?;
5 1 jjr;
5 3 area=.24;
5 11 B 2;
1 Bound 8500 5000 11500 15000;
9 jj;
C 0 T 9000 5000;
L SCED;
5 10 3 0 0 0;
W2 0 2000 15000 2000 20000;
5 10 2 0 0 0;
W2 0 -12000 15000 -2000 15000 -2000 -3000;
5 10 1 0 0 0;
W2 0 8000 -17000 8000 -20000;
L ETC1;
94 <<0.41mA>> -4000 19000 0 5907 2017;
L NAME;
5 16 R 0 11;
94 <<R0>> 500 25000 64 1275 1000;
5 16 B 0 11;
94 <<B0>> -25750 16750 0 1275 1000;
5 16 LP 0 11;
94 <<LP0>> -29750 16500 0 1875 1000;
5 16 LP 1 11;
94 <<LP1>> -15750 16500 0 1650 1000;
5 16 LP 2 11;
94 <<LP2>> -1750 16500 0 1875 1000;
5 16 LT 0 11;
94 <<LT0>> 2250 16500 0 1875 1000;
5 16 LT 1 11;
94 <<LT1>> 10250 16500 0 1650 1000;
5 16 B 1 11;
94 <<B1>> -17750 10000 64 1050 1000;
5 16 B 2 11;
94 <<B2>> 8250 10000 64 1275 1000;
5 16 LP 3 11;
94 <<LP3>> -16250 3000 64 1875 1000;
5 16 LT 2 11;
94 <<LT2>> -23750 2500 0 1875 1000;
5 16 LP 4 11;
94 <<LP4>> -16250 -1000 64 1875 1000;
5 16 B 3 11;
94 <<B3>> -17750 -8000 64 1275 1000;
5 16 L 0 11;
94 <<L0>> -3750 -8000 64 1275 1000;
5 16 B 4 11;
94 <<B4>> -25750 -11250 0 1275 1000;
5 16 B 5 11;
94 <<B5>> -11750 -11250 0 1275 1000;
5 16 B 6 11;
94 <<B6>> -1750 -11250 0 1275 1000;
5 16 LP 5 11;
94 <<LP5>> -29750 -11500 0 1875 1000;
5 16 LP 6 11;
94 <<LP6>> -15750 -11500 0 1875 1000;
5 16 LP 7 11;
94 <<LP7>> 7750 -15000 64 1875 1000;
5 16 B 7 11;
94 <<B7>> -1750 -18250 0 1275 1000;
5 16 LT 3 11;
94 <<LT3>> 8250 -18500 0 1875 1000;
5 16 LT 4 11;
94 <<LT4>> -2250 -24000 64 1875 1000;
5 16 B 8 11;
94 <<B8>> 6250 -25000 64 1275 1000;
5 16 LP 8 11;
94 <<LP8>> 7750 -32000 64 1875 1000;
L MODL;
5 16 B 0 1;
94 <<jjr>> -16250 12250 64 1725 1000;
5 16 B 1 1;
94 <<jjr>> -14250 10250 0 1725 1000;
5 16 B 2 1;
94 <<jjr>> 11750 10250 0 1725 1000;
5 16 B 3 1;
94 <<jjr>> -14250 -7750 0 1725 1000;
5 16 B 4 1;
94 <<jjr>> -16250 -15750 64 1725 1000;
5 16 B 5 1;
94 <<jjr>> -2250 -15750 64 1725 1000;
5 16 B 6 1;
94 <<jjr>> 7750 -15750 64 1725 1000;
5 16 B 7 1;
94 <<jjr>> 7750 -22750 64 1725 1000;
5 16 B 8 1;
94 <<jjr>> 9750 -24750 0 1725 1000;
L VALU;
5 16 R 0 2;
94 <<24>> 3250 25250 0 1275 1000;
5 16 LP 0 2;
94 <<0.24pH>> -26250 13750 64 3300 1000;
5 16 LP 1 2;
94 <<0.53pH>> -12250 13750 64 3300 1000;
5 16 LP 2 2;
94 <<0.55pH>> 1750 13750 64 3300 1000;
5 16 LT 0 2;
94 <<2.50pH>> 9750 13750 64 3300 1000;
5 16 LT 1 2;
94 <<3.29pH>> 17750 13750 64 3300 1000;
5 16 LP 3 2;
94 <<0.87pH>> -14500 3250 0 3300 1000;
5 16 LT 2 2;
94 <<.84pH>> -16250 -250 64 2700 1000;
5 16 LP 4 2;
94 <<0.87pH>> -14500 -750 0 3300 1000;
5 16 L 0 2;
94 <<4.05pH>> -1750 -7750 0 3300 1000;
5 16 LP 5 2;
94 <<0.21pH>> -26250 -14250 64 3075 1000;
5 16 LP 6 2;
94 <<0.60pH>> -12250 -14250 64 3300 1000;
5 16 LP 7 2;
94 <<0.72pH>> 9500 -14750 0 3300 1000;
5 16 LT 3 2;
94 <<3.43pH>> 15750 -21250 64 3300 1000;
5 16 LT 4 2;
94 <<0.58pH>> -500 -23750 0 3300 1000;
5 16 LP 8 2;
94 <<0.40pH>> 9500 -31750 0 3300 1000;
L PARM;
5 16 B 0 3;
94 <<area=.24>> -25750 11250 0 4425 1000;
5 16 B 1 3;
94 <<area=.21>> -14250 8750 0 4200 1000;
5 16 B 2 3;
94 <<area=.24>> 11750 8750 0 4425 1000;
5 16 B 3 3;
94 <<area=.20>> -14250 -9250 0 4425 1000;
5 16 B 4 3;
94 <<area=.24>> -25750 -16750 0 4425 1000;
5 16 B 5 3;
94 <<area=.19>> -11750 -16750 0 4200 1000;
5 16 B 6 3;
94 <<area=.25>> -1750 -16750 0 4425 1000;
5 16 B 7 3;
94 <<area=.21>> -1750 -23750 0 4200 1000;
5 16 B 8 3;
94 <<area=.19>> 9750 -26250 0 4200 1000;
DF;
E
