(Symbol merger);
($Id:$);
(PHYSICAL);
(RESOLUTION 1000);
9 merger;
DS 0 1 1;
DF;
E
(ELECTRICAL);
(RESOLUTION 1000);
5 10 1 0 0:-14000 42000:3000 0x0 IN1;
5 10 2 1 0:-14000 14000:-3000 0x0 IN2;
5 10 3 2 35000:5000 28000:0 0x0 OUT;
5 18 1
  L SCED:
  B 11000 10000 -4500 0:
  W 0 -10000 3000 -14000 3000:
  W 0 1000 0 5000 0:
  W 0 -10000 -3000 -14000 -3000:
;
5 11 X 0 subckt;
9 merger;
DS 0 1 1;
(SymbolCall gnd);
5 10 0 0 8000 56000;
1 Bound 7000 56000 9000 58600;
9 gnd;
C 0 MY T 7000 57000;
(SymbolCall gnd);
5 10 0 0 19000 42000;
1 Bound 18000 42000 20000 44600;
9 gnd;
C 0 MY T 18000 43000;
(SymbolCall gnd);
5 10 0 0 27000 14000;
1 Bound 26000 11400 28000 14000;
9 gnd;
C 0 T 26000 13000;
(SymbolCall gnd);
5 10 0 0 8000 0;
1 Bound 7000 -2600 9000 0;
9 gnd;
C 0 T 7000 -1000;
(SymbolCall ind1);
5 10 0 0 8000 56000 LP0_0;
5 10 5 1 8000 52000 LP0_1;
5 15 9000 56000 0 -1;
5 11 LP 0;
5 2 0.01;
1 Bound 8000 52000 9250 56000;
9 ind1;
C 0 T 7000 47000;
(SymbolCall ind1);
5 10 7 0 8000 38000 LP1_0;
5 10 6 1 8000 42000 LP1_1;
5 15 9000 38000 0 1;
5 11 LP 1;
5 2 0.25;
1 Bound 8000 38000 9250 42000;
9 ind1;
C 0 MY T 7000 47000;
(SymbolCall ind1);
5 10 8 0 19000 32000 LP2_0;
5 10 9 1 19000 28000 LP2_1;
5 15 20000 32000 0 -1;
5 11 LP 2;
5 2 0.05;
1 Bound 19000 28000 20250 32000;
9 ind1;
C 0 T 18000 23000;
(SymbolCall ind1);
5 10 4 0 15000 28000 LP3_0;
5 10 9 1 19000 28000 LP3_1;
5 15 15000 27000 1 0;
5 11 LP 3;
5 2 0.25;
1 Bound 15000 26750 19000 28000;
( Rotate 270 );
9 ind1;
C 0 MY R 0 -1 T 24000 29000;
(SymbolCall ind1);
5 10 11 0 8000 18000 LP4_0;
5 10 13 1 8000 14000 LP4_1;
5 15 9000 18000 0 -1;
5 11 LP 4;
5 2 0.25;
1 Bound 8000 14000 9250 18000;
9 ind1;
C 0 T 7000 9000;
(SymbolCall ind1);
5 10 0 0 27000 14000 LP5_0;
5 10 12 1 27000 18000 LP5_1;
5 15 28000 14000 0 1;
5 11 LP 5;
5 2 0.01;
1 Bound 27000 14000 28250 18000;
9 ind1;
C 0 MY T 26000 23000;
(SymbolCall ind1);
5 10 0 0 8000 0 LP6_0;
5 10 14 1 8000 4000 LP6_1;
5 15 9000 0 0 1;
5 11 LP 6;
5 2 0.01;
1 Bound 8000 0 9250 4000;
9 ind1;
C 0 MY T 7000 9000;
(SymbolCall ind2);
5 10 1 0 0 42000 LT0_0;
5 10 6 1 8000 42000 LT0_1;
5 15 1000 43000 1 0;
5 11 LT 0;
5 2 0.75;
1 Bound 0 42000 8000 43250;
( Rotate 90 );
9 ind2;
C 0 R 0 1 T 10000 41000;
(SymbolCall ind2);
5 10 10 0 27000 28000 LT1_0;
5 10 3 1 35000 28000 LT1_1;
5 15 28000 29000 1 0;
5 11 LT 1;
5 2 0.75;
1 Bound 27000 28000 35000 29250;
( Rotate 90 );
9 ind2;
C 0 R 0 1 T 37000 27000;
(SymbolCall ind2);
5 10 9 0 19000 28000 LT2_0;
5 10 10 1 27000 28000 LT2_1;
5 15 20000 27000 1 0;
5 11 LT 2;
5 2 1;
1 Bound 19000 26750 27000 28000;
( Rotate 270 );
9 ind2;
C 0 MY R 0 -1 T 29000 29000;
(SymbolCall ind2);
5 10 2 0 0 14000 LT3_0;
5 10 13 1 8000 14000 LT3_1;
5 15 1000 13000 1 0;
5 11 LT 3;
5 2 0.75;
1 Bound 0 12750 8000 14000;
( Rotate 270 );
9 ind2;
C 0 MY R 0 -1 T 10000 15000;
(SymbolCall isrc);
5 10 8 1 19000 32000 I0_1;
5 10 0 0 19000 42000 I0_0;
5 15 19000 36000 0 -1 @<name>[c];
5 5 nophys;
5 11 I 0;
5 2 4.1;
1 Bound 17000 32000 21000 42000;
9 isrc;
C 0 T 17000 32000;
(SymbolCall jj);
5 10 15 2 7000 50000 B0_2;
5 10 6 1 8000 42000 B0-;
5 10 5 0 8000 52000 B0+;
5 11 B 0;
5 1 jj1;
5 3 area=2.01;
1 Bound 6500 42000 9500 52000;
9 jj;
C 0 T 7000 42000;
(SymbolCall jj);
5 10 16 2 7000 30000 B1_2;
5 10 7 1 8000 38000 B1-;
5 10 4 0 8000 28000 B1+;
5 11 B 1;
5 1 jj1;
5 3 area=1.79;
1 Bound 6500 28000 9500 38000;
9 jj;
C 0 MY T 7000 38000;
(SymbolCall jj);
5 10 17 2 7000 20000 B2_2;
5 10 4 1 8000 28000 B2-;
5 10 11 0 8000 18000 B2+;
5 11 B 2;
5 1 jj1;
5 3 area=1.79;
1 Bound 6500 18000 9500 28000;
9 jj;
C 0 MY T 7000 28000;
(SymbolCall jj);
5 10 18 2 26000 20000 B3_2;
5 10 10 1 27000 28000 B3-;
5 10 12 0 27000 18000 B3+;
5 11 B 3;
5 1 jj1;
5 3 area=2.01;
1 Bound 25500 18000 28500 28000;
9 jj;
C 0 MY T 26000 28000;
(SymbolCall jj);
5 10 19 2 7000 6000 B4_2;
5 10 13 1 8000 14000 B4-;
5 10 14 0 8000 4000 B4+;
5 11 B 4;
5 3 area=2.01;
5 1 jj1;
1 Bound 6500 4000 9500 14000;
9 jj;
C 0 MY T 7000 14000;
L SCED;
5 10 4;
W2 0 8000 28000 15000 28000;
L NAME;
5 16 LP 0 11;
94 <<LP0>> 7750 54750 320 1875 1000;
5 16 B 0 11;
94 <<B0>> 6250 50750 320 1275 1000;
5 16 LT 0 11;
94 <<LT0>> 250 43500 0 1875 1000;
5 16 LP 1 11;
94 <<LP1>> 7750 40750 320 1650 1000;
5 16 I 0 11;
94 <<I0>> 16750 40750 320 975 1000;
5 16 B 1 11;
94 <<B1>> 6250 36750 320 1050 1000;
5 16 LP 2 11;
94 <<LP2>> 18750 30750 320 1875 1000;
5 16 LT 1 11;
94 <<LT1>> 27250 29500 0 1650 1000;
5 16 LP 3 11;
94 <<LP3>> 15250 28250 0 1875 1000;
5 16 LT 2 11;
94 <<LT2>> 19250 28250 0 1875 1000;
5 16 B 2 11;
94 <<B2>> 6250 26750 320 1275 1000;
5 16 B 3 11;
94 <<B3>> 25250 26750 320 1275 1000;
5 16 LP 4 11;
94 <<LP4>> 7750 16750 320 1875 1000;
5 16 LP 5 11;
94 <<LP5>> 26750 16750 320 1875 1000;
5 16 LT 3 11;
94 <<LT3>> 250 14250 0 1875 1000;
5 16 B 4 11;
94 <<B4>> 6250 12750 320 1275 1000;
5 16 LP 6 11;
94 <<LP6>> 7750 2750 320 1875 1000;
L MODL;
5 16 B 0 1;
94 <<jj1>> 9750 51750 256 1500 1000;
5 16 B 1 1;
94 <<jj1>> 9750 37750 256 1500 1000;
5 16 B 2 1;
94 <<jj1>> 9750 27750 256 1500 1000;
5 16 B 3 1;
94 <<jj1>> 28750 27750 256 1500 1000;
5 16 B 4 1;
94 <<jj1>> 9750 13750 256 1500 1000;
L VALU;
5 16 LP 0 2;
94 <<0.01>> 9500 55750 33024 1875 1000;
5 16 LT 0 2;
94 <<0.75>> 7750 41750 33088 2100 1000;
5 16 LP 1 2;
94 <<0.25>> 9500 41750 33024 2058 1029;
5 16 I 0 2;
94 <<4.1>> 21250 41750 33024 1275 1000;
5 16 LP 2 2;
94 <<0.05>> 20500 31750 33024 2058 1029;
5 16 LT 1 2;
94 <<0.75>> 34750 27750 33088 2100 1000;
5 16 LP 3 2;
94 <<0.25>> 18750 26500 33088 2058 1029;
5 16 LT 2 2;
94 <<1>> 26750 26500 33088 441 1029;
5 16 LP 4 2;
94 <<0.25>> 9500 17750 33024 2058 1029;
5 16 LP 5 2;
94 <<0.01>> 28500 17750 33024 1875 1000;
5 16 LT 3 2;
94 <<0.75>> 7750 12500 33088 2100 1000;
5 16 LP 6 2;
94 <<0.01>> 9500 3750 33024 1875 1000;
L PARM;
5 16 B 0 3;
94 <<area=2.01>> 9750 42250 32768 4800 1000;
5 16 B 1 3;
94 <<area=1.79>> 9750 28250 32768 4800 1000;
5 16 B 2 3;
94 <<area=1.79>> 9750 18250 32768 4800 1000;
5 16 B 3 3;
94 <<area=2.01>> 28750 18250 32768 4800 1000;
5 16 B 4 3;
94 <<area=2.01>> 9750 4250 32768 4800 1000;
DF;
E
* Generated by Xic from cell merger
B0 5 6 15 jj1 area=2.01
B1 4 7 16 jj1 area=1.79
B2 11 4 17 jj1 area=1.79
B3 12 10 18 jj1 area=2.01
B4 14 13 19 jj1 area=2.01
I0 0 8 4.1
LP0 0 5 0.01
LP1 7 6 0.25
LP2 8 9 0.05
LP3 4 9 0.25
LP4 11 13 0.25
LP5 0 12 0.01
LP6 0 14 0.01
LT0 IN1 6 0.75
LT1 10 OUT 0.75
LT2 9 10 1
LT3 IN2 13 0.75
.model jj1 jj(rtype=1, cct=1, icon=10m, vg=2.8m, delv=0.08m,
+ icrit=1m, r0=30, rn=1.7, cap=123.3p)

* Nb 1000 A/cm2
.save @I0[c]
