(Symbol JTL);
($Id:$);
(PHYSICAL);
(RESOLUTION 1000);
9 JTL;
DS 0 1 1;
DF;
E
(ELECTRICAL);
(RESOLUTION 1000);
5 10 4 0 20000:-12000 5000:2000;
5 10 5 1 60000:7000 5000:2000;
5 7101 tran 1p 20n;
5 18 0
  L ETC2:
  94 <<in>> -9000 1000 0 3328 3584:
  94 <<out>> -2000 1000 0 6144 3584:
  L ETC1:
  B 15000 6000 -2500 2000:
  L SCED:
  W 0 -10000 2000 -12000 2000:
  W 0 5000 2000 7000 2000:
;
5 11 X 0 subckt;
9 JTL;
DS 0 1 1;
(SymbolCall gnd);
5 10 0 0 40000 15000;
1 Bound 39000 15000 41000 17600;
( Rotate 180 );
9 gnd;
C 0 R -1 0 T 41000 16000;
(SymbolCall gnd);
5 10 0 0 30000 -5000;
1 Bound 29000 -7600 31000 -5000;
9 gnd;
C 0 T 29000 -6000;
(SymbolCall gnd);
5 10 0 0 50000 -5000;
1 Bound 49000 -7600 51000 -5000;
9 gnd;
C 0 T 49000 -6000;
(SymbolCall ind);
5 10 2 1 30000 5000 LT0-;
5 10 4 0 20000 5000 LT0+;
5 15 21000 6000 1 0;
5 2 5p;
5 11 L.LT0 0;
1 Bound 20000 5000 30000 6500;
( Rotate 90 );
9 ind;
C 0 R 0 1 T 30000 4000;
(SymbolCall ind);
5 10 1 1 40000 5000 LT1-;
5 10 2 0 30000 5000 LT1+;
5 15 31000 6000 1 0;
5 2 5p;
5 11 L.LT1 1;
1 Bound 30000 5000 40000 6500;
( Rotate 90 );
9 ind;
C 0 R 0 1 T 40000 4000;
(SymbolCall ind);
5 10 3 1 50000 5000 LT2-;
5 10 1 0 40000 5000 LT2+;
5 15 41000 6000 1 0;
5 2 5p;
5 11 L.LT2 2;
1 Bound 40000 5000 50000 6500;
( Rotate 90 );
9 ind;
C 0 R 0 1 T 50000 4000;
(SymbolCall ind);
5 10 5 1 60000 5000 LT3-;
5 10 3 0 50000 5000 LT3+;
5 15 51000 6000 1 0;
5 2 5p;
5 11 L.LT3 3;
1 Bound 50000 5000 60000 6500;
( Rotate 90 );
9 ind;
C 0 R 0 1 T 60000 4000;
(SymbolCall isrc);
5 10 1 1 40000 5000 I0_1;
5 10 0 0 40000 15000 I0_0;
5 15 40000 9000 0 -1 @<name>[c];
5 2 150u;
5 5 nophys;
5 11 I.I0 0;
1 Bound 38000 5000 42000 15000;
9 isrc;
C 0 T 38000 5000;
(SymbolCall jj);
5 10 6 2 29000 3000 B0_2;
5 10 0 1 30000 -5000 B0-;
5 10 2 0 30000 5000 B0+;
5 3 area=100;
5 11 B.B0 0;
5 1 jjs;
1 Bound 28500 -5000 31500 5000;
9 jj;
C 0 T 29000 -5000;
(SymbolCall jj);
5 10 7 2 49000 3000 B1_2;
5 10 0 1 50000 -5000 B1-;
5 10 3 0 50000 5000 B1+;
5 3 area=100;
5 11 B.B1 1;
5 1 jjs;
1 Bound 48500 -5000 51500 5000;
9 jj;
C 0 T 49000 -5000;
L NAME;
5 16 I 0 11;
94 <<I0>> 37750 13750 320 975 1000;
5 16 L 0 11;
94 <<LT0>> 20250 6750 0 1875 1000;
5 16 L 1 11;
94 <<LT1>> 30250 6750 0 1650 1000;
5 16 L 2 11;
94 <<LT2>> 40250 6750 0 1875 1000;
5 16 L 3 11;
94 <<LT3>> 50250 6750 0 1875 1000;
5 16 B 0 11;
94 <<B0>> 28250 3750 320 1275 1000;
5 16 B 1 11;
94 <<B1>> 48250 3750 320 1050 1000;
L MODL;
5 16 B 0 1;
94 <<jjs>> 31750 4750 256 1725 1000;
5 16 B 1 1;
94 <<jjs>> 51750 4750 256 1725 1000;
L VALU;
5 16 I 0 2;
94 <<150u>> 42250 14750 33024 2206 1029;
5 16 L 0 2;
94 <<5p>> 29750 4750 33088 1275 1000;
5 16 L 1 2;
94 <<5p>> 39750 4750 33088 1275 1000;
5 16 L 2 2;
94 <<5p>> 49750 4750 33088 1275 1000;
5 16 L 3 2;
94 <<5p>> 59750 4750 33088 1275 1000;
L PARM;
5 16 B 0 3;
94 <<area=100>> 31750 -4750 32768 4575 1000;
5 16 B 1 3;
94 <<area=100>> 51750 -4750 32768 4575 1000;
DF;
E
