(Symbol root);
($Id:$);
(PHYSICAL);
(RESOLUTION 1000);
9 root;
DS 0 1 1;
DF;
E
(ELECTRICAL);
(RESOLUTION 1000);
5 7102 (||2:116000 -19000||) (||2:109000 -15000||) (||1:23000 -4000||)  (||1:182000 -4000||) (||2:97000 -25000||) LT0#branch - LC#branch;
5 7101 tran .5p 20n;
5 14 1 L 1 L 2 1 K2;
5 14 2 L 1 L 0 0.09 K1;
5 11 X 0 subckt;
9 root;
DS 0 1 1;
(SymbolCall JTL);
5 10 7 1 33000 -4000 X0_1;
5 10 1 0 -7000 -4000 X0_0;
5 11 X.X0 0 subckt;
1 Bound -7000 -16600 33000 8600;
9 JTL;
C 0 T -27000 -9000;
(SymbolCall JTL);
5 10 8 1 73000 -4000 X1_1;
5 10 7 0 33000 -4000 X1_0;
5 11 X.X1 1 subckt;
1 Bound 33000 -16600 73000 8600;
9 JTL;
C 0 T 13000 -9000;
(SymbolCall JTL);
5 10 9 1 152000 -4000 X2_1;
5 10 3 0 112000 -4000 X2_0;
5 11 X 2 subckt;
1 Bound 112000 -16600 152000 8600;
9 JTL;
C 0 T 92000 -9000;
(SymbolCall JTL);
5 10 11 1 192000 -4000 X3_1;
5 10 9 0 152000 -4000 X3_0;
5 11 X 3 subckt;
1 Bound 152000 -16600 192000 8600;
9 JTL;
C 0 T 132000 -9000;
(SymbolCall gnd);
5 10 0 0 96000 6000;
1 Bound 95000 6000 97000 8600;
( Rotate 180 );
9 gnd;
C 0 R -1 0 T 97000 7000;
(SymbolCall gnd);
5 10 0 0 86000 -14000;
1 Bound 83400 -15000 86000 -13000;
( Rotate 90 );
9 gnd;
C 0 MY R 0 1 T 85000 -15000;
(SymbolCall gnd);
5 10 0 0 -11000 -14000;
1 Bound -12000 -16600 -10000 -14000;
9 gnd;
C 0 T -12000 -15000;
(SymbolCall gnd);
5 10 0 0 73000 -14000;
1 Bound 72000 -16600 74000 -14000;
9 gnd;
C 0 T 72000 -15000;
(SymbolCall gnd);
5 10 0 0 115000 -28000;
1 Bound 114000 -30600 116000 -28000;
9 gnd;
C 0 T 114000 -29000;
(SymbolCall gnd);
5 10 0 0 137000 -28000;
1 Bound 136000 -30600 138000 -28000;
9 gnd;
C 0 T 136000 -29000;
(SymbolCall gnd);
5 10 0 0 96000 -32000;
1 Bound 95000 -34600 97000 -32000;
9 gnd;
C 0 T 95000 -33000;
(SymbolCall gnd);
5 10 0 0 108000 -34000;
1 Bound 107000 -36600 109000 -34000;
9 gnd;
C 0 T 107000 -35000;
(SymbolCall ind);
5 2 22p;
5 10 10 1 108000 -24000 LC-;
5 10 3 0 108000 -14000 LC+;
5 15 109000 -15000 0 -1;
5 17 mutual;
5 11 L.LC 0;
1 Bound 108000 -24000 109500 -14000;
9 ind;
C 0 T 107000 -24000;
(SymbolCall ind);
5 2 1n;
5 10 0 1 115000 -28000 LJPM-;
5 10 4 0 115000 -18000 LJPM+;
5 15 116000 -19000 0 -1;
5 17 mutual;
5 11 L.LJPM 1;
5 17 mutual;
1 Bound 115000 -28000 116500 -18000;
9 ind;
C 0 T 114000 -28000;
(SymbolCall ind);
5 10 0 1 131000 -28000 L2-;
5 10 5 0 131000 -18000 L2+;
5 15 132000 -19000 0 -1;
5 17 mutual;
5 2 1n;
5 11 L 2;
1 Bound 131000 -28000 132500 -18000;
9 ind;
C 0 T 130000 -28000;
(SymbolCall ind2);
5 2 0.1p;
5 15 97000 -25000 0 -1;
5 11 LT 0;
5 10 6 0 96000 -24000 LT0_0;
5 10 0 1 96000 -32000 LT0_1;
1 Bound 96000 -32000 97250 -24000;
9 ind2;
C 0 T 95000 -34000;
(SymbolCall isrc);
5 2 50u;
5 10 2 1 96000 -4000 IT_1;
5 10 0 0 96000 6000 IT_0;
5 15 96000 0 0 -1 @<name>[c];
5 11 I.IT 0;
5 5 nophys;
1 Bound 94000 -4000 98000 6000;
9 isrc;
C 0 T 94000 -4000;
(SymbolCall isrc);
5 2 55.5u;
5 10 3 1 96000 -14000 IBS_1;
5 10 0 0 86000 -14000 IBS_0;
5 15 92000 -14000 1 0 @<name>[c];
5 5 nophys;
5 11 I.IBS 1;
1 Bound 86000 -16000 96000 -12000;
( Rotate 90 );
9 isrc;
C 0 R 0 1 T 96000 -16000;
(SymbolCall isrc);
5 3 87n 0 0;
5 2 gauss;
5 15 102000 -18000 0 1 @<name>[c];
5 11 I 2;
5 10 3 1 102000 -14000 I2_1;
5 10 6 0 102000 -24000 I2_0;
5 5 nophys;
1 Bound 100000 -24000 104000 -14000;
9 isrc;
C 0 MY T 100000 -14000;
(SymbolCall isrc);
5 10 0 1 137000 -28000 IRABI_1;
5 10 5 0 137000 -18000 IRABI_0;
5 15 137000 -24000 0 -1 @<name>[c];
5 3 -1u 1u 0 5p 5p 2.5n 5n;
5 5 nophys;
5 2 pulse;
5 11 I.IRABI 3;
1 Bound 135000 -28000 139000 -18000;
9 isrc;
C 0 T 135000 -28000;
(SymbolCall jj);
5 3 area=70;
5 10 12 2 75000 -5000 BE1_2;
5 10 2 1 83000 -4000 BE1-;
5 10 8 0 73000 -4000 BE1+;
5 11 B.BE1 0;
5 1 jjs;
1 Bound 73000 -5500 83000 -2500;
( Rotate 90 );
9 jj;
C 0 R 0 1 T 83000 -5000;
(SymbolCall jj);
5 3 area=70;
5 10 13 2 72000 -6000 BE2_2;
5 10 0 1 73000 -14000 BE2-;
5 10 8 0 73000 -4000 BE2+;
5 11 B.BE2 1;
5 1 jjs;
1 Bound 71500 -14000 74500 -4000;
9 jj;
C 0 T 72000 -14000;
(SymbolCall jj);
5 10 14 2 95000 -6000 BT_2;
5 10 3 1 96000 -14000 BT-;
5 10 2 0 96000 -4000 BT+;
5 1 jjs;
5 3 area=70;
5 11 B.BT 2;
1 Bound 94500 -14000 97500 -4000;
9 jj;
C 0 T 95000 -14000;
(SymbolCall jj);
5 10 15 2 95000 -16000 BB_2;
5 10 6 1 96000 -24000 BB-;
5 10 3 0 96000 -14000 BB+;
5 3 area=70;
5 1 jjs;
5 11 B.BB 3;
1 Bound 94500 -24000 97500 -14000;
9 jj;
C 0 T 95000 -24000;
(SymbolCall jj);
5 10 16 2 124000 -20000 B4_2;
5 10 0 1 125000 -28000 B4-;
5 10 4 0 125000 -18000 B4+;
5 1 jjs;
5 3 area=1;
5 11 B 4;
1 Bound 123500 -28000 126500 -18000;
9 jj;
C 0 T 124000 -28000;
(SymbolCall jj);
5 10 17 2 107000 -26000 BQ_2;
5 10 0 1 108000 -34000 BQ-;
5 10 10 0 108000 -24000 BQ+;
5 3 area=15;
5 11 B.BQ 5;
5 1 jjs;
1 Bound 106500 -34000 109500 -24000;
9 jj;
C 0 T 107000 -34000;
(SymbolCall vsrc);
5 3 0 0 100p 3.6p .5n;
5 10 0 1 -11000 -14000 V0_1;
5 10 1 0 -11000 -4000 V0_0;
5 15 -11000 -8000 0 -1;
5 5 nophys;
5 11 V.V0 0;
5 2 gpulse;
1 Bound -13000 -14000 -9000 -4000;
9 vsrc;
C 0 T -13000 -14000;
L SCED;
5 10 1;
W2 0 -11000 -4000 -7000 -4000;
5 10 2;
W2 0 96000 -4000 83000 -4000;
5 10 3;
W2 0 96000 -14000 102000 -14000 108000 -14000 108000 -4000 112000 -4000;
5 10 4;
W2 0 115000 -18000 125000 -18000;
5 10 5;
W2 0 131000 -18000 137000 -18000;
5 10 6;
W2 0 102000 -24000 96000 -24000;
5 10 0;
W2 0 125000 -28000 115000 -28000;
5 10 0;
W2 0 131000 -28000 137000 -28000;
L NAME;
5 16 X 3 11;
94 <<X3>> 152250 8850 0 1275 1000;
5 16 X 2 11;
94 <<X2>> 123250 3850 0 1275 1000;
5 16 I 0 11;
94 <<IT>> 93750 4750 320 975 1000;
5 16 X 1 11;
94 <<X1>> 30950 -750 0 1050 1000;
5 16 B 0 11;
94 <<BE1>> 73250 -2250 0 1650 1000;
5 16 V 0 11;
94 <<V0>> -13250 -5250 320 1275 1000;
5 16 B 1 11;
94 <<BE2>> 71250 -5250 320 1875 1000;
5 16 B 2 11;
94 <<BT>> 94250 -5250 320 1275 1000;
5 16 I 1 11;
94 <<IBS>> 86250 -11750 0 1575 1000;
5 16 B 3 11;
94 <<BB>> 94250 -15250 320 1275 1000;
5 16 I 2 11;
94 <<I2>> 99750 -15250 320 975 1000;
5 16 L 0 11;
94 <<LC>> 107750 -15250 320 1275 1000;
5 16 B 4 11;
94 <<B4>> 123250 -19250 320 1275 1000;
5 16 L 2 11;
94 <<L2>> 130750 -19250 320 1275 1000;
5 16 I 3 11;
94 <<IRABI>> 142750 -22250 320 2475 1000;
5 16 LT 0 11;
94 <<LT0>> 95750 -25250 320 1875 1000;
5 16 B 5 11;
94 <<BQ>> 106250 -25250 320 1275 1000;
5 16 L 1 11;
94 <<LJPM>> 118750 -26250 320 2475 1000;
L MODL;
5 16 B 1 1;
94 <<jjs>> 74750 -4250 256 1725 1000;
5 16 B 0 1;
94 <<jjs>> 82750 -5750 320 1725 1000;
5 16 B 2 1;
94 <<jjs>> 97750 -8250 256 1725 1000;
5 16 B 3 1;
94 <<jjs>> 97750 -18250 256 1725 1000;
5 16 B 4 1;
94 <<jjs>> 121750 -22250 256 1691 1029;
5 16 B 5 1;
94 <<jjs>> 109750 -24250 256 1725 1000;
L VALU;
5 16 I 0 2;
94 <<50u>> 98250 5750 33024 1838 1029;
5 16 L 0 2;
94 <<22p>> 109750 -14250 33024 1838 1029;
5 16 V 0 2;
94 <<gpulse>> -17375 -15000 33024 3375 1000;
5 16 I 1 2;
94 <<55.5u>> 89750 -16250 33088 2647 1029;
5 16 L 2 2;
94 <<1n>> 132750 -18250 33024 1050 1000;
5 16 I 3 2;
94 <<pulse>> 139250 -18250 33024 2720 1029;
5 16 K 2 14;
94 <<K1=0.09>> 110486 -21514 0 3529 1029;
5 16 I 2 2;
94 <<gauss>> 99250 -21250 33024 3075 1000;
5 16 L 1 2;
94 <<1n>> 113750 -22250 33024 1029 1029;
5 16 LT 0 2;
94 <<0.1p>> 97500 -24250 33024 1875 1000;
5 16 K 1 14;
94 <<K2=1>> 126950 -26500 0 2132 1029;
L PARM;
5 16 B 0 3;
94 <<area=70>> 76250 -750 33024 4117 1029;
5 16 B 2 3;
94 <<area=70>> 90750 -9750 32768 4116 1029;
5 16 B 1 3;
94 <<area=70>> 74000 -13000 40960 4117 1029;
5 16 V 0 3;
94 <<0 0 100p 3.6p .5n>> -8750 -13750 32768 9116 1029;
5 16 B 3 3;
94 <<area=70>> 89750 -19750 32768 4116 1029;
5 16 I 2 3;
94 <<87n 0 0>> 102250 -21250 32772 4190 1029;
5 16 B 4 3;
94 <<area=1>> 120750 -25750 32768 3375 1000;
5 16 I 3 3;
94 <<-1u 1u 0 5p 5p 2.5n 5n>> 139250 -27750 32768 12204 1029;
5 16 B 5 3;
94 <<area=15>> 109750 -33750 32768 3896 1029;
L SPTX;
94 <<.model jjs jj(rtype=1, icrit=1u, vshunt=90u, cap=40f)>> -17000 11000 0 94464 3584;
94 <<.options ysep>> -17000 5000 0 12032 1792;
94 <<.temp -272>> -17000 3000 0 9600 1792;
94 <<.tran 1p 20n uic>> -17000 0 0 8700 1000;
DF;
E
* Generated by Xic from cell root
.tran .5p 20n
.plot tran LJPM#branch LC#branch v(3.x0)  v(3.x3) LT0#branch LT0#branch - LC#branch
.model jjs jj(rtype=1, icrit=1u, vshunt=90u, cap=40f)
.options ysep
.temp -272
.tran 1p 20n uic
B4 4 0 16 jjs area=1
BB 3 6 15 jjs area=70
BE1 8 2 12 jjs area=70
BE2 8 0 13 jjs area=70
BQ 10 0 17 jjs area=15
BT 2 3 14 jjs area=70
I2 6 3 gauss 87n 0 0
IBS 0 3 55.5u
IRABI 5 0 pulse -1u 1u 0 5p 5p 2.5n 5n
IT 0 2 50u
K1 LJPM LC 0.09
K2 LJPM L2 1
L2 5 0 1n
LC 3 10 22p
LJPM 4 0 1n
LT0 6 0 0.1p
V0 1 0 gpulse 0 0 100p 3.6p .5n
X0 1 7 JTL
X1 7 8 JTL
X2 3 9 JTL
X3 9 11 JTL
.subckt JTL 4 5
B0 2 0 6 jjs area=100
B1 3 0 7 jjs area=100
I0 0 1 150u
LT0 4 2 5p
LT1 2 1 5p
LT2 1 3 5p
LT3 3 5 5p
.ends JTL
.save @I0.X0[c]
.save @I0.X1[c]
.save @I0.X2[c]
.save @I0.X3[c]
.save @IT[c]
.save @IBS[c]
.save @IRABI[c]
.save @I2[c]
