(Symbol noname);
($Id:$);
(PHYSICAL);
(RESOLUTION 1000);
9 noname;
DS 0 1 1;
DF;
E
(ELECTRICAL);
(RESOLUTION 1000);
5 7101 tran .5p 100p;
5 11 X 0 subckt;
9 noname;
DS 0 1 1;
(SymbolCall MJTL);
5 10 4 3 -19000 20000 X0BOUT;
5 10 1 2 -29000 20000 X0BIN;
5 10 5 1 -19000 10000 X0OUT;
5 10 3 0 -29000 10000 X0IN;
5 11 X 0 subckt;
1 Bound -31600 0 -17500 21500;
9 MJTL;
C 0 T -29000 0;
(SymbolCall MJTL);
5 10 6 3 -10000 20000 X1BOUT;
5 10 4 2 -20000 20000 X1BIN;
5 10 7 1 -10000 10000 X1OUT;
5 10 5 0 -20000 10000 X1IN;
5 11 X 1 subckt;
1 Bound -22600 0 -8500 21500;
9 MJTL;
C 0 T -20000 0;
(SymbolCall MJTL);
5 10 8 3 -1000 20000 X2BOUT;
5 10 6 2 -11000 20000 X2BIN;
5 10 9 1 -1000 10000 X2OUT;
5 10 7 0 -11000 10000 X2IN;
5 11 X 2 subckt;
1 Bound -13600 0 500 21500;
9 MJTL;
C 0 T -11000 0;
(SymbolCall MJTL);
5 10 10 3 8000 20000 X3BOUT;
5 10 8 2 -2000 20000 X3BIN;
5 10 11 1 8000 10000 X3OUT;
5 10 9 0 -2000 10000 X3IN;
5 11 X 3 subckt;
1 Bound -4600 0 9500 21500;
9 MJTL;
C 0 T -2000 0;
(SymbolCall MJTL);
5 10 12 3 17000 20000 X4BOUT;
5 10 10 2 7000 20000 X4BIN;
5 10 13 1 17000 10000 X4OUT;
5 10 11 0 7000 10000 X4IN;
5 11 X 4 subckt;
1 Bound 4400 0 18500 21500;
9 MJTL;
C 0 T 7000 0;
(SymbolCall MJTL);
5 10 14 3 26000 20000 X5BOUT;
5 10 12 2 16000 20000 X5BIN;
5 10 15 1 26000 10000 X5OUT;
5 10 13 0 16000 10000 X5IN;
5 11 X 5 subckt;
1 Bound 13400 0 27500 21500;
9 MJTL;
C 0 T 16000 0;
(SymbolCall MJTL);
5 10 16 3 35000 20000 X6BOUT;
5 10 14 2 25000 20000 X6BIN;
5 10 17 1 35000 10000 X6OUT;
5 10 15 0 25000 10000 X6IN;
5 11 X 6 subckt;
1 Bound 22400 0 36500 21500;
9 MJTL;
C 0 T 25000 0;
(SymbolCall MJTL);
5 10 18 3 44000 20000 X7BOUT;
5 10 16 2 34000 20000 X7BIN;
5 10 19 1 44000 10000 X7OUT;
5 10 17 0 34000 10000 X7IN;
5 11 X 7 subckt;
1 Bound 31400 0 45500 21500;
9 MJTL;
C 0 T 34000 0;
(SymbolCall MJTL);
5 10 20 3 53000 20000 X8BOUT;
5 10 18 2 43000 20000 X8BIN;
5 10 21 1 53000 10000 X8OUT;
5 10 19 0 43000 10000 X8IN;
5 11 X 8 subckt;
1 Bound 40400 0 54500 21500;
9 MJTL;
C 0 T 43000 0;
(SymbolCall MJTL);
5 10 22 3 62000 20000 X9BOUT;
5 10 20 2 52000 20000 X9BIN;
5 10 23 1 62000 10000 X9OUT;
5 10 21 0 52000 10000 X9IN;
5 11 X 9 subckt;
1 Bound 49400 0 63500 21500;
9 MJTL;
C 0 T 52000 0;
(SymbolCall MJTL);
5 10 2 3 71000 20000 X10BOUT;
5 10 22 2 61000 20000 X10BIN;
5 10 24 1 71000 10000 X10OUT;
5 10 23 0 61000 10000 X10IN;
5 11 X 10 subckt;
1 Bound 58400 0 72500 21500;
9 MJTL;
C 0 T 61000 0;
(SymbolCall gnd);
5 10 0 0 -40000 30000;
1 Bound -41000 30000 -39000 32600;
9 gnd;
C 0 MY T -41000 31000;
(SymbolCall gnd);
5 10 0 0 70000 30000;
1 Bound 69000 30000 71000 32600;
9 gnd;
C 0 MY T 69000 31000;
(SymbolCall gnd);
5 10 0 0 -40000 6000;
1 Bound -41000 3400 -39000 6000;
9 gnd;
C 0 T -41000 5000;
(SymbolCall gnd);
5 10 0 0 -33000 6000;
1 Bound -34000 3400 -32000 6000;
9 gnd;
C 0 T -34000 5000;
(SymbolCall gnd);
5 10 0 0 68000 6000;
1 Bound 67000 3400 69000 6000;
9 gnd;
C 0 T 67000 5000;
(SymbolCall isrc);
5 3 0 0 5p 100u;
5 10 1 1 -40000 20000 I0_1;
5 10 0 0 -40000 30000 I0_0;
5 15 -40000 24000 0 -1 @<name>[c];
5 5 nophys;
5 11 I 0;
5 2 pwl;
1 Bound -42000 20000 -38000 30000;
9 isrc;
C 0 T -42000 20000;
(SymbolCall jj);
5 3 area=1000;
5 10 25 2 69000 28000 B0_2;
5 10 2 1 70000 20000 B0-;
5 10 0 0 70000 30000 B0+;
5 1 jj1;
5 11 B 0;
1 Bound 68500 20000 71500 30000;
9 jj;
C 0 T 69000 20000;
(SymbolCall res);
5 10 0 1 -33000 6000 R0-;
5 10 3 0 -33000 16000 R0+;
5 15 -34000 15000 0 -1 "<v>/<value>O";
5 2 11;
5 11 R 0;
1 Bound -34250 6000 -32000 16000;
9 res;
C 0 T -33000 16000;
(SymbolCall res);
5 10 0 1 68000 6000 R1-;
5 10 24 0 68000 16000 R1+;
5 15 67000 15000 0 -1 "<v>/<value>O";
5 11 R 1;
5 2 11;
1 Bound 66750 6000 69000 16000;
9 res;
C 0 T 68000 16000;
(SymbolCall vsrc);
5 10 0 1 -40000 6000 V0_1;
5 10 3 0 -40000 16000 V0_0;
5 15 -40000 12000 0 -1;
5 3 0 0 20p 2p;
5 2 gpulse;
5 11 V 0;
5 5 nophys;
1 Bound -42000 6000 -38000 16000;
9 vsrc;
C 0 T -42000 6000;
L SCED;
5 10 1;
W2 0 -40000 20000 -31000 20000;
5 10 2;
W2 0 68000 20000 70000 20000;
5 10 3;
W2 0 -40000 16000 -33000 16000 -31000 16000;
L NAME;
5 16 I 0 11;
94 <<I0>> -42250 28750 320 975 1000;
5 16 B 0 11;
94 <<B0>> 68250 28750 320 1275 1000;
5 16 X 0 11;
94 <<X0>> -29250 21500 320 1275 1000;
5 16 X 1 11;
94 <<X1>> -20250 21500 320 1050 1000;
5 16 X 2 11;
94 <<X2>> -11250 21500 320 1275 1000;
5 16 X 3 11;
94 <<X3>> -2250 21500 320 1275 1000;
5 16 X 4 11;
94 <<X4>> 6750 21500 320 1275 1000;
5 16 X 5 11;
94 <<X5>> 15750 21500 320 1275 1000;
5 16 X 6 11;
94 <<X6>> 24750 21500 320 1275 1000;
5 16 X 7 11;
94 <<X7>> 33750 21500 320 1275 1000;
5 16 X 8 11;
94 <<X8>> 42750 21500 320 1275 1000;
5 16 X 9 11;
94 <<X9>> 51750 21500 320 1275 1000;
5 16 X 10 11;
94 <<X10>> 60750 21500 320 1650 1000;
5 16 V 0 11;
94 <<V0>> -42250 14750 320 1275 1000;
5 16 R 0 11;
94 <<R0>> -34500 14750 320 1275 1000;
5 16 R 1 11;
94 <<R1>> 66500 14750 320 1050 1000;
L MODL;
5 16 B 0 1;
94 <<jj1>> 71750 29750 256 1500 1000;
L VALU;
5 16 I 0 2;
94 <<pwl>> -37750 29750 33024 1575 1000;
5 16 V 0 2;
94 <<gpulse>> -37750 15750 33024 3375 1000;
5 16 R 0 2;
94 <<11>> -31750 12250 33028 825 1000;
5 16 R 1 2;
94 <<11>> 69250 12250 33028 825 1000;
L PARM;
5 16 I 0 3;
94 <<0 0 5p 100u>> -37750 20250 32768 6322 1029;
5 16 B 0 3;
94 <<area=1000>> 71750 20250 32768 5073 1029;
5 16 V 0 3;
94 <<0 0 20p 2p>> -44750 16250 32768 6075 1000;
L SPTX;
94 <<.options ysep>> -36000 38000 260 24064 3584;
94 <<.model jjtl jj(icrit=2u, cap=300f)>> -36000 37000 256 59136 3584;
DF;
E
