(Symbol root2);
($Id:$);
(PHYSICAL);
(RESOLUTION 1000);
9 root2;
DS 0 1 1;
DF;
E
(ELECTRICAL);
(RESOLUTION 1000);
5 7101 tran 1p 20n;
5 11 X 0 subckt;
5 14 1 L 2 L 3 $k1;
5 14 2 L 0 L 2 $k1;
5 18 0
;
9 root2;
DS 0 1 1;
(SymbolCall 5PTL);
5 10 10 1 -5000 30000 XBTLA1OUT;
5 10 9 0 -16000 30000 XBTLA1IN;
5 11 X.XBTLA1 3 subckt;
1 Bound -16000 29000 -5000 31000;
9 5PTL;
C 0 MY T -18000 31000;
(SymbolCall 5PTL);
5 10 11 1 16000 30000 XBTLA2OUT;
5 10 7 0 5000 30000 XBTLA2IN;
5 11 X.XBTLA2 4 subckt;
1 Bound 5000 29000 16000 31000;
9 5PTL;
C 0 MY T 3000 31000;
(SymbolCall 5PTL);
5 10 20 1 -5000 10000 XBTLB1OUT;
5 10 21 0 -16000 10000 XBTLB1IN;
5 11 X.XBTLB1 12 subckt;
1 Bound -16000 9000 -5000 11000;
9 5PTL;
C 0 T -18000 9000;
(SymbolCall 5PTL);
5 10 22 1 16000 10000 XBTLB2OUT;
5 10 19 0 5000 10000 XBTLB2IN;
5 11 X.XBTLB2 13 subckt;
1 Bound 5000 9000 16000 11000;
9 5PTL;
C 0 T 3000 9000;
(SymbolCall dcsfq);
5 10 1 1 23000 51000 XRESETDCOUT;
5 10 6 0 -33000 51000 XRESETDCIN;
5 11 X.XRESETDC 0 subckt;
1 Bound -33000 34400 23000 63600;
9 dcsfq;
C 0 T -29000 37000;
(SymbolCall dcsfq);
5 10 12 1 15000 32000 XTRIGDCOUT;
5 10 13 0 -41000 32000 XTRIGDCIN;
5 11 X.XTRIGDC 6 subckt;
1 Bound -41000 15400 15000 44600;
9 dcsfq;
C 0 T -37000 18000;
(SymbolCall dff);
5 10 15 2 46000 10000 XDFFOUT;
5 10 3 1 43000 13000 XDFFCLK;
5 10 16 0 40000 10000 XDFFDATA;
5 11 X.XDFF 8 subckt;
1 Bound 40000 8000 46000 13000;
9 dff;
C 0 T 36000 -8000;
(SymbolCall fjtl);
5 10 9 1 -16000 30000 XJTLA1OUT;
5 10 8 0 -30000 30000 XJTLA1IN;
5 11 X.XJTLA1 2 subckt;
1 Bound -30000 29000 -16000 31000;
9 fjtl;
C 0 T -44000 19000;
(SymbolCall fjtl);
5 10 3 1 40000 30000 XJTLA2OUT;
5 10 2 0 26000 30000 XJTLA2IN;
5 11 X.XJTLA2 5 subckt;
1 Bound 26000 29000 40000 31000;
9 fjtl;
C 0 T 12000 19000;
(SymbolCall fjtl);
5 10 21 1 -16000 10000 XJTLB1OUT;
5 10 18 0 -30000 10000 XJTLB1IN;
5 11 X.XJTLB1 11 subckt;
1 Bound -30000 9000 -16000 11000;
9 fjtl;
C 0 T -44000 -1000;
(SymbolCall fjtl);
5 10 16 1 40000 10000 XJTLB2OUT;
5 10 2 0 26000 10000 XJTLB2IN;
5 11 X.XJTLB2 14 subckt;
1 Bound 26000 9000 40000 11000;
9 fjtl;
C 0 T 12000 -1000;
(SymbolCall fjtl);
5 10 17 1 60000 10000 XJTLOUTOUT;
5 10 15 0 46000 10000 XJTLOUTIN;
5 11 X.XJTLOUT 15 subckt;
1 Bound 46000 9000 60000 11000;
9 fjtl;
C 0 T 32000 -1000;
(SymbolCall gnd);
5 10 0 0 5000 40000;
1 Bound 4000 40000 6000 42600;
9 gnd;
C 0 MY T 4000 41000;
(SymbolCall gnd);
5 10 0 0 26000 40000;
1 Bound 25000 40000 27000 42600;
9 gnd;
C 0 MY T 25000 41000;
(SymbolCall gnd);
5 10 0 0 -62000 39000;
1 Bound -64600 38000 -62000 40000;
( Rotate 270 );
9 gnd;
C 0 R 0 -1 T -63000 40000;
(SymbolCall gnd);
5 10 0 0 -70000 20000;
1 Bound -72600 19000 -70000 21000;
( Rotate 270 );
9 gnd;
C 0 R 0 -1 T -71000 21000;
(SymbolCall gnd);
5 10 0 0 -17000 20000;
1 Bound -19600 19000 -17000 21000;
( Rotate 90 );
9 gnd;
C 0 MY R 0 1 T -18000 19000;
(SymbolCall gnd);
5 10 0 0 3000 20000;
1 Bound 3000 19000 5600 21000;
( Rotate 90 );
9 gnd;
C 0 R 0 1 T 4000 19000;
(SymbolCall gnd);
5 10 0 0 16000 20000;
1 Bound 13400 19000 16000 21000;
( Rotate 270 );
9 gnd;
C 0 R 0 -1 T 15000 21000;
(SymbolCall gnd);
5 10 0 0 5000 0;
1 Bound 4000 -2600 6000 0;
9 gnd;
C 0 T 4000 -1000;
(SymbolCall gnd);
5 10 0 0 26000 0;
1 Bound 25000 -2600 27000 0;
9 gnd;
C 0 T 25000 -1000;
(SymbolCall ind);
5 10 10 1 -5000 30000 L0-;
5 10 7 0 5000 30000 L0+;
5 15 4000 29000 -1 0;
5 2 41p;
5 11 L 0;
5 17 mutual;
1 Bound -5000 28500 5000 30000;
( Rotate 270 );
9 ind;
C 0 R 0 -1 T -5000 31000;
(SymbolCall ind);
5 10 11 1 16000 30000 L1-;
5 10 2 0 26000 30000 L1+;
5 15 25000 29000 -1 0;
5 11 L 1;
5 2 41p;
1 Bound 16000 28500 26000 30000;
( Rotate 270 );
9 ind;
C 0 R 0 -1 T 16000 31000;
(SymbolCall ind);
5 10 0 1 3000 20000 L2-;
5 10 14 0 -7000 20000 L2+;
5 15 -6000 21000 1 0;
5 11 L 2;
5 2 1n;
5 17 mutual;
5 17 mutual;
1 Bound -7000 20000 3000 21500;
( Rotate 90 );
9 ind;
C 0 R 0 1 T 3000 19000;
(SymbolCall ind);
5 10 19 1 5000 10000 L3-;
5 10 20 0 -5000 10000 L3+;
5 15 -4000 11000 1 0;
5 17 mutual;
5 11 L 3;
5 2 41p;
1 Bound -5000 10000 5000 11500;
( Rotate 90 );
9 ind;
C 0 R 0 1 T 5000 9000;
(SymbolCall ind);
5 10 22 1 16000 10000 L4-;
5 10 2 0 26000 10000 L4+;
5 15 25000 9000 -1 0;
5 2 41p;
5 11 L 4;
1 Bound 16000 8500 26000 10000;
( Rotate 270 );
9 ind;
C 0 R 0 -1 T 16000 11000;
(SymbolCall isrc);
5 10 14 1 -7000 20000 I0_1;
5 10 0 0 -17000 20000 I0_0;
5 15 -11000 20000 1 0 @<name>[c];
5 11 I 0;
5 3 -1u 1u 0 5p 5p 10n 20n;
5 2 pulse;
5 5 nophys;
1 Bound -17000 18000 -7000 22000;
( Rotate 90 );
9 isrc;
C 0 R 0 1 T -7000 18000;
(SymbolCall isrc);
5 10 2 1 26000 20000 IC_1;
5 10 0 0 16000 20000 IC_0;
5 15 22000 20000 1 0 @<name>[c];
5 5 nophys;
5 2 -3u;
5 11 I.Ic 1;
1 Bound 16000 18000 26000 22000;
( Rotate 270 );
9 isrc;
C 0 MY R 0 -1 T 26000 22000;
(SymbolCall jj);
5 10 23 2 6000 32000 B0_2;
5 10 0 1 5000 40000 B0-;
5 10 7 0 5000 30000 B0+;
5 11 B 0;
5 3 area=2;
5 1 jjtl;
1 Bound 3500 30000 6500 40000;
( Rotate 180 );
9 jj;
C 0 R -1 0 T 6000 40000;
(SymbolCall jj);
5 10 24 2 25000 32000 B1_2;
5 10 0 1 26000 40000 B1-;
5 10 2 0 26000 30000 B1+;
5 3 area=2;
5 11 B 1;
5 1 jjtl;
1 Bound 24500 30000 27500 40000;
9 jj;
C 0 MY T 25000 40000;
(SymbolCall jj);
5 10 27 2 4000 8000 B2_2;
5 10 0 1 5000 0 B2-;
5 10 19 0 5000 10000 B2+;
5 3 area=2;
5 11 B 2;
5 1 jjtl;
1 Bound 3500 0 6500 10000;
9 jj;
C 0 T 4000 0;
(SymbolCall jj);
5 10 28 2 25000 8000 B3_2;
5 10 0 1 26000 0 B3-;
5 10 2 0 26000 10000 B3+;
5 11 B 3;
5 1 jjtl;
5 3 area=2;
1 Bound 24500 0 27500 10000;
9 jj;
C 0 T 25000 0;
(SymbolCall merger);
5 10 8 2 -30000 30000 XMRGAOUT;
5 10 4 1 -37000 29000 XMRGAIN2;
5 10 1 0 -37000 31000 XMRGAIN1;
5 11 X.XMRGA 1 subckt;
1 Bound -37000 28000 -30000 32000;
9 merger;
C 0 T -26000 28000;
(SymbolCall merger);
5 10 18 2 -30000 10000 XMRGBOUT;
5 10 26 1 -37000 9000 XMRGBIN2;
5 10 5 0 -37000 11000 XMRGBIN1;
5 11 X.XMRGB 10 subckt;
1 Bound -37000 8000 -30000 12000;
9 merger;
C 0 T -26000 8000;
(SymbolCall sfqdc);
5 10 25 1 76000 10000 XDCOUTOUT;
5 10 17 0 60000 10000 XDCOUTIN;
5 11 X.XDCOUT 9 subckt;
1 Bound 60000 7000 76000 13000;
9 sfqdc;
C 0 T 43000 -32000;
(SymbolCall splitter);
5 9 1 0 0 -53000 22000 XSPL1_1;
5 10 5 2 -37000 19000 XSPL1OUT2;
5 10 4 1 -37000 21000 XSPL1OUT1;
5 10 12 0 -45000 20000 XSPL1IN;
5 11 X.XSPL1 7 subckt;
1 Bound -45000 18000 -37000 22000;
9 splitter;
C 0 T -44000 6000;
(SymbolCall vsrc);
5 10 0 1 -62000 39000 V0_1;
5 10 6 0 -52000 39000 V0_0;
5 15 -56000 39000 -1 0;
5 3 0 0 50p 1p 5n;
5 11 V 0;
5 5 nophys;
5 2 gpulse;
1 Bound -62000 37000 -52000 41000;
( Rotate 90 );
9 vsrc;
C 0 MY R 0 1 T -62000 37000;
(SymbolCall vsrc);
5 10 0 1 -70000 20000 V1_1;
5 10 13 0 -60000 20000 V1_0;
5 15 -64000 20000 -1 0;
5 2 gpulse;
5 5 nophys;
5 3 0 0 50p 1p 10n;
5 11 V 1;
1 Bound -70000 18000 -60000 22000;
( Rotate 90 );
9 vsrc;
C 0 MY R 0 1 T -70000 18000;
L SCED;
5 10 1;
W2 0 -37000 39000 -37000 31000;
5 16 L 1 2;
94 <<41p>> 22750 31250 33088 1615 1029;
5 10 2;
W2 0 26000 10000 26000 20000 26000 30000;
5 10 3;
W2 0 40000 30000 43000 30000 43000 13000;
5 10 4;
W2 0 -37000 29000 -37000 21000;
5 10 5;
W2 0 -37000 19000 -37000 11000;
5 16 L 4 2;
94 <<41p>> 22750 11250 33088 1615 1029;
L NAME;
5 16 X 0 11;
94 <<XRESETDC>> -47000 42000 0 4875 1000;
5 16 V 0 11;
94 <<V0>> -61750 41250 0 1275 1000;
5 16 B 0 11;
94 <<B0>> 3250 38750 320 1275 1000;
5 16 B 1 11;
94 <<B1>> 24250 38750 320 1050 1000;
5 16 X 1 11;
94 <<XMRGA>> -34750 32250 0 3075 1000;
5 16 X 2 11;
94 <<XJTLA1>> -25275 32000 0 3450 1000;
5 16 X 3 11;
94 <<XBTLA1>> -12000 32000 0 3450 1000;
5 16 X 4 11;
94 <<XBTLA2>> 9000 32000 0 3675 1000;
5 16 X 5 11;
94 <<XJTLA2>> 30725 32000 0 3675 1000;
5 16 L 0 11;
94 <<L0>> -4750 30250 0 1275 1000;
5 16 L 1 11;
94 <<L1>> 16250 30250 0 1050 1000;
5 16 X 6 11;
94 <<XTRIGDC>> -57000 24000 0 3975 1000;
5 16 I 1 11;
94 <<Ic>> 18250 22250 0 956 1029;
5 16 V 1 11;
94 <<V1>> -69750 22250 0 1050 1000;
5 16 X 7 11;
94 <<XSPL1>> -42750 22250 0 2850 1000;
5 16 I 0 11;
94 <<I0>> -16750 22250 0 975 1000;
5 16 L 2 11;
94 <<L2>> -6750 21750 0 1275 1000;
5 16 X 9 11;
94 <<XDCOUT>> 71000 15000 320 3675 1000;
5 16 X 8 11;
94 <<XDFF>> 45750 13750 320 2475 1000;
5 16 X 10 11;
94 <<XMRGB>> -34750 12250 0 3075 1000;
5 16 X 11 11;
94 <<XJTLB1>> -25275 12000 0 3450 1000;
5 16 X 12 11;
94 <<XBTLB1>> -12000 12000 0 3450 1000;
5 16 X 13 11;
94 <<XBTLB2>> 9000 12000 0 3675 1000;
5 16 X 14 11;
94 <<XJTLB2>> 30725 12000 0 3675 1000;
5 16 X 15 11;
94 <<XJTLOUT>> 50725 12000 0 4275 1000;
5 16 L 3 11;
94 <<L3>> -4750 11750 0 1275 1000;
5 16 L 4 11;
94 <<L4>> 16250 10250 0 1275 1000;
5 16 B 2 11;
94 <<B2>> 3250 8750 320 1275 1000;
5 16 B 3 11;
94 <<B3>> 24250 6750 320 1275 1000;
L MODL;
5 16 B 0 1;
94 <<jjtl>> 6750 39750 256 1911 1029;
5 16 B 1 1;
94 <<jjtl>> 27750 39750 256 1911 1029;
5 16 B 2 1;
94 <<jjtl>> 6750 5750 256 1911 1029;
5 16 B 3 1;
94 <<jjtl>> 26750 5750 256 1911 1029;
L VALU;
5 16 V 0 2;
94 <<gpulse>> -52250 36750 33088 3375 1000;
5 16 L 0 2;
94 <<41p>> 4750 28250 33088 1650 1000;
5 16 K 2 14;
94 <<K2=$k1>> -2654 24486 0 3308 1029;
5 16 I 1 2;
94 <<-3u>> 21250 23750 33094 1838 1029;
5 16 L 2 2;
94 <<1n>> 2750 19750 33088 1029 1029;
5 16 V 1 2;
94 <<gpulse>> -60250 17750 33088 3375 1000;
5 16 I 0 2;
94 <<pulse>> -7250 17750 33088 2720 1029;
5 16 K 1 14;
94 <<K1=$k1>> -2544 15236 0 3088 1029;
5 16 L 3 2;
94 <<41p>> 4750 9750 33088 1650 1000;
L PARM;
5 16 V 0 3;
94 <<0 0 50p 1p 5n>> -61750 35750 33024 7499 1029;
5 16 B 0 3;
94 <<area=2>> -250 34250 32768 3529 1029;
5 16 B 1 3;
94 <<area=2>> 27750 34250 32768 3529 1029;
5 16 V 1 3;
94 <<0 0 50p 1p 10n>> -69750 16750 33024 7866 1029;
5 16 I 0 3;
94 <<-1u 1u 0 5p 5p 10n 20n>> -16750 16750 33024 12351 1029;
5 16 B 2 3;
94 <<area=2>> -250 4250 32768 3529 1029;
5 16 B 3 3;
94 <<area=2>> 21750 4250 32768 3529 1029;
L SPTX;
94 <<.model jjtl jj(rtype=1, icrit=1u, cap=40f, r0=30, rn=30)>> -31000 59000 256 98304 3584;
94 <<.model jjs jj(icrit=1u, cap=40f, r0=30, rn=30)>> -31000 55000 256 81664 3584;
94 <<.temp -272>> -31000 46000 0 19200 3584;
94 <<.options ysep>> -31000 46000 256 24064 3584;
DF;
E
