(Symbol JTLM);
($Id:$);
(PHYSICAL);
(RESOLUTION 1000);
9 JTLM;
DS 0 1 1;
DF;
E
(ELECTRICAL);
(RESOLUTION 1000);
5 10 1 0 -20000:-27000 5000:13000 0x0 IN;
5 10 2 1 0:-18000 5000:13000 0x0 OUT;
5 10 3 2 -15000:-22000 10000:17000 0x0 BIAS;
5 7101 tran .5p 100p;
5 18 1
  L SCED:
  W 0 -22000 15000 -22000 17000:
  B 5000 5000 -22500 12500:
  W 0 -25000 13000 -27000 13000:
  W 0 -20000 13000 -18000 13000:
;
5 11 X 0 subckt;
9 JTLM;
DS 0 1 1;
(SymbolCall gnd);
5 10 0 0 -25000 20000;
1 Bound -26000 20000 -24000 22600;
9 gnd;
C 0 MY T -26000 21000;
(SymbolCall gnd);
5 10 0 0 -5000 20000;
1 Bound -6000 20000 -4000 22600;
9 gnd;
C 0 MY T -6000 21000;
(SymbolCall gnd);
5 10 0 0 -5000 -5000;
1 Bound -6000 -7600 -4000 -5000;
9 gnd;
C 0 T -6000 -6000;
(SymbolCall ind);
5 10 3 1 -15000 10000 L0-;
5 10 1 0 -25000 10000 L0+;
5 15 -24000 11000 1 0;
5 11 L 0;
5 2 1n;
1 Bound -25000 10000 -15000 11500;
( Rotate 90 );
9 ind;
C 0 R 0 1 T -15000 9000;
(SymbolCall ind);
5 10 2 1 -5000 5000 L1-;
5 10 1 0 -15000 5000 L1+;
5 15 -14000 6000 1 0;
5 2 4p;
5 11 L 1;
1 Bound -15000 5000 -5000 6500;
( Rotate 90 );
9 ind;
C 0 R 0 1 T -5000 4000;
(SymbolCall isrc);
5 10 2 1 -5000 10000 I0_1;
5 10 0 0 -5000 20000 I0_0;
5 15 -5000 14000 0 -1 @<name>[c];
5 3 0 0 5p 0;
5 2 pwl;
5 11 I 0;
5 5 nophys;
1 Bound -7000 10000 -3000 20000;
9 isrc;
C 0 T -7000 10000;
(SymbolCall jj);
5 10 4 2 -6000 3000 B0_2;
5 10 0 1 -5000 -5000 B0-;
5 10 2 0 -5000 5000 B0+;
5 1 jjud;
5 3 area=1;
5 11 B 0;
1 Bound -6500 -5000 -3500 5000;
9 jj;
C 0 T -6000 -5000;
L SCED;
5 10 1;
W2 0 -25000 10000 -25000 8000 -17000 8000 -17000 5000;
5 10 2;
W2 0 -5000 10000 -5000 5000 0 5000;
5 10 1;
W2 0 -15000 5000 -17000 5000 -20000 5000;
L NAME;
5 16 I 0 11;
94 <<I0>> -7250 18750 320 975 1000;
5 16 L 0 11;
94 <<L0>> -24750 11750 0 1275 1000;
5 16 L 1 11;
94 <<L1>> -14750 6750 0 1050 1000;
5 16 B 0 11;
94 <<B0>> -6750 3750 320 1275 1000;
L MODL;
5 16 B 0 1;
94 <<jjud>> -3250 4750 256 2279 1029;
L VALU;
5 16 I 0 2;
94 <<pwl>> -2750 19750 33024 1575 1000;
5 16 L 0 2;
94 <<1n>> -15250 9750 33088 1050 1000;
5 16 L 1 2;
94 <<4p>> -11250 4750 33088 1250 1029;
L PARM;
5 16 I 0 3;
94 <<0 0 5p 0>> -2750 10250 32768 4779 1029;
5 16 B 0 3;
94 <<area=1>> -3250 -4750 32768 3308 1029;
DF;
E
