(Symbol comp);
($Id:$);
(PHYSICAL);
(RESOLUTION 1000);
9 comp;
DS 0 1 1;
DF;
E
(ELECTRICAL);
(RESOLUTION 1000);
5 10 1 0 -3000:-8000 10000:0 0x0 IN;
5 10 2 1 31000:13000 10000:0 0x0 OUT;
5 7101 tran 1p 1n;
5 18 0
  L ETC1:
  B 15000 6000 2500 0:
  L SCED:
  W 0 -5000 0 -8000 0:
  W 0 10000 0 13000 0:
  L ETC2:
  94 <<in>> -4000 -1000 0 3328 3584:
  94 <<out>> 4000 -1000 0 6144 3584:
;
5 14 1 LT 0 LQ 0 0.1;
5 11 X 0 subckt;
9 comp;
DS 0 1 1;
(SymbolCall gnd);
5 10 0 0 15000 20000;
1 Bound 14000 20000 16000 22600;
9 gnd;
C 0 MY T 14000 21000;
(SymbolCall gnd);
5 10 0 0 45000 0;
1 Bound 45000 -1000 47600 1000;
( Rotate 90 );
9 gnd;
C 0 R 0 1 T 46000 -1000;
(SymbolCall gnd);
5 10 0 0 1000 0;
1 Bound 0 -2600 2000 0;
9 gnd;
C 0 T 0 -1000;
(SymbolCall gnd);
5 10 0 0 7000 -10000;
1 Bound 6000 -12600 8000 -10000;
( Rotate 180 );
9 gnd;
C 0 MY R -1 0 T 8000 -11000;
(SymbolCall gnd);
5 10 0 0 15000 -10000;
1 Bound 14000 -12600 16000 -10000;
9 gnd;
C 0 T 14000 -11000;
(SymbolCall gnd);
5 10 0 0 35000 -10000;
1 Bound 34000 -12600 36000 -10000;
9 gnd;
C 0 T 34000 -11000;
(SymbolCall gnd);
5 10 0 0 25000 -20000;
1 Bound 24000 -22600 26000 -20000;
9 gnd;
C 0 T 24000 -21000;
(SymbolCall ind1);
5 10 1 0 -3000 10000 LTIN_0;
5 10 6 1 1000 10000 LTIN_1;
5 15 -3000 11000 1 0;
5 2 5p;
5 11 LP.LTIN 0;
1 Bound -3000 10000 1000 11250;
( Rotate 90 );
9 ind1;
C 0 R 0 1 T 6000 9000;
(SymbolCall ind1);
5 10 4 0 27000 10000 LTOUT_0;
5 10 2 1 31000 10000 LTOUT_1;
5 15 27000 11000 1 0;
5 2 5p;
5 11 LP.LTOUT 1;
1 Bound 27000 10000 31000 11250;
( Rotate 90 );
9 ind1;
C 0 R 0 1 T 36000 9000;
(SymbolCall ind2);
5 10 4 0 25000 0 LC_0;
5 10 5 1 25000 -8000 LC_1;
5 15 26000 -1000 0 -1;
5 2 60p;
5 11 LT.LC 0;
5 17 mutual;
1 Bound 25000 -8000 26250 0;
9 ind2;
C 0 T 24000 -10000;
(SymbolCall ind3);
5 10 7 0 35000 0 LJPM_0;
5 10 0 1 35000 -10000 LJPM_1;
5 15 34000 -1000 0 -1;
5 2 1.2n;
5 11 LQ.LJPM 0;
5 17 mutual;
1 Bound 33500 -10000 35000 0;
( Rotate 180 );
9 ind3;
C 0 MY R -1 0 T 36000 -10000;
(SymbolCall isrc);
5 10 3 1 15000 10000 IT_1;
5 10 0 0 15000 20000 IT_0;
5 15 15000 14000 0 -1 @<name>[c];
5 2 -3.5u;
5 11 I.IT 0;
5 5 nophys;
1 Bound 13000 10000 17000 20000;
9 isrc;
C 0 T 13000 10000;
(SymbolCall isrc);
5 10 7 1 35000 0 IJPM_1;
5 10 0 0 45000 0 IJPM_0;
5 15 39000 0 -1 0 @<name>[c];
5 3 -1u 1u 0 5p 5p .5n 1n;
5 2 pulse;
5 11 I.IJPM 1;
5 5 nophys;
1 Bound 35000 -2000 45000 2000;
( Rotate 90 );
9 isrc;
C 0 MY R 0 1 T 35000 -2000;
(SymbolCall isrc);
5 10 4 1 7000 0 IBS_1;
5 10 0 0 7000 -10000 IBS_0;
5 15 7000 -4000 0 1 @<name>[c];
5 2 -3.25u;
5 5 nophys;
5 11 I.IBS 2;
1 Bound 5000 -10000 9000 0;
( Rotate 180 );
9 isrc;
C 0 R -1 0 T 9000 0;
(SymbolCall jj);
5 10 8 2 3000 11000 BE1_2;
5 10 3 1 11000 10000 BE1-;
5 10 6 0 1000 10000 BE1+;
5 1 jjs;
5 11 B.BE1 0;
5 3 area=4;
1 Bound 1000 8500 11000 11500;
( Rotate 270 );
9 jj;
C 0 MY R 0 -1 T 11000 11000;
(SymbolCall jj);
5 10 9 2 0 2000 BE2_2;
5 10 6 1 1000 10000 BE2-;
5 10 0 0 1000 0 BE2+;
5 1 jjs;
5 3 area=4;
5 11 B.BE2 1;
1 Bound -500 0 2500 10000;
9 jj;
C 0 MY T 0 10000;
(SymbolCall jj);
5 10 10 2 14000 8000 BT_2;
5 10 4 1 15000 0 BT-;
5 10 3 0 15000 10000 BT+;
5 1 jjs;
5 3 area=4;
5 11 B.BT 2;
1 Bound 13500 0 16500 10000;
9 jj;
C 0 T 14000 0;
(SymbolCall jj);
5 10 11 2 14000 -2000 BB_2;
5 10 0 1 15000 -10000 BB-;
5 10 4 0 15000 0 BB+;
5 1 jjs;
5 3 area=4;
5 11 B.BB 3;
1 Bound 13500 -10000 16500 0;
9 jj;
C 0 T 14000 -10000;
(SymbolCall jj);
5 10 12 2 24000 -12000 BQ_2;
5 10 0 1 25000 -20000 BQ-;
5 10 5 0 25000 -10000 BQ+;
5 11 B.BQ 4;
5 3 area=1;
5 1 jjs;
1 Bound 23500 -20000 26500 -10000;
9 jj;
C 0 T 24000 -20000;
L SCED;
5 10 3;
W2 0 11000 10000 15000 10000;
5 10 4;
W2 0 15000 0 25000 10000 27000 10000;
5 10 4;
W2 0 7000 0 15000 0 25000 0;
5 10 5;
W2 0 25000 -8000 25000 -10000;
L NAME;
5 16 I 0 11;
94 <<IT>> 12750 18750 320 882 1029;
5 16 B 0 11;
94 <<BE1>> 5250 11750 0 1617 1029;
5 16 LP 0 11;
94 <<LTIN>> -2750 11500 0 1764 1029;
5 16 LP 1 11;
94 <<LTOUT>> 27250 11500 0 2573 1029;
5 16 B 1 11;
94 <<BE2>> -750 5750 320 1838 1029;
5 16 B 2 11;
94 <<BT>> 13250 5750 320 1176 1029;
5 16 I 1 11;
94 <<IJPM>> 35250 2250 0 2132 1029;
5 16 I 2 11;
94 <<IBS>> 4750 -1250 320 1544 1029;
5 16 LT 0 11;
94 <<LC>> 24750 -1250 320 1250 1029;
5 16 LQ 0 11;
94 <<LJPM>> 33250 -1250 320 2426 1029;
5 16 B 3 11;
94 <<BB>> 13250 -4250 320 1250 1029;
5 16 B 4 11;
94 <<BQ>> 23250 -14250 320 1250 1029;
L MODL;
5 16 B 0 1;
94 <<jjs>> 4750 12250 320 1725 1000;
5 16 B 1 1;
94 <<jjs>> -1250 7750 256 1725 1000;
5 16 B 2 1;
94 <<jjs>> 15750 7750 256 1725 1000;
5 16 B 3 1;
94 <<jjs>> 15750 -2250 256 1725 1000;
5 16 B 4 1;
94 <<jjs>> 25750 -12250 256 1725 1000;
L VALU;
5 16 I 0 2;
94 <<-3.5u>> 17250 19750 33024 2647 1029;
5 16 LP 0 2;
94 <<5p>> 750 9750 33088 1275 1000;
5 16 LP 1 2;
94 <<5p>> 30750 9750 33088 1275 1000;
5 16 I 2 2;
94 <<-3.25u>> 9250 -250 33024 3235 1029;
5 16 LT 0 2;
94 <<60p>> 26500 -250 33024 1875 1000;
5 16 LQ 0 2;
94 <<1.2n>> 35250 -250 33024 1875 1000;
5 16 I 1 2;
94 <<pulse>> 44750 -2250 33088 2775 1000;
5 16 K 1 14;
94 <<K1=0.1>> 28550 -5000 0 2775 1000;
L PARM;
5 16 B 0 3;
94 <<area=4>> 4250 8250 33024 3600 1000;
5 16 B 1 3;
94 <<area=4>> 1750 4250 32768 3600 1000;
5 16 B 2 3;
94 <<area=4>> 15750 4250 32768 3600 1000;
5 16 I 1 3;
94 <<-1u 1u 0 5p 5p .5n 1n>> 35250 -3250 33024 11395 1029;
5 16 B 3 3;
94 <<area=4>> 16750 -5750 32768 3600 1000;
5 16 B 4 3;
94 <<area=1>> 26750 -15750 32768 3375 1000;
DF;
E
